Year Mon Day DOY hour Heit(km) Lat  Lon Oden(cm-3) N2den(cm-3) O2den(cm-3) air(gm/cm3) T(K) exoT(K) Heden(cm-3)Arden(cm-3) Hden(cm-3) Nden(cm-3) F107 F107a apdaily  ap0-3 ap3-6 ap6-9 ap9-12 ap12-33 ap33-59
2020  9 23 267 11.00   50.0   55.0   45.0  9.999E-38  1.625E+16  4.359E+15 1.001E-06  262.1   820  1.082E+11  1.943E+14  9.999E-38  9.999E-38   72.9   73.6   10.2    6.0    6.0    4.0    6.0    5.2    1.9
2020  9 23 267 11.00   51.0   55.0   45.0  4.496E+09  1.436E+16  3.851E+15 8.840E-07  260.8   820  9.563E+10  1.716E+14  9.999E-38  9.999E-38   72.9   73.6   10.2    6.0    6.0    4.0    6.0    5.2    1.9
2020  9 23 267 11.00   52.0   55.0   45.0  4.980E+09  1.271E+16  3.408E+15 7.823E-07  259.0   820  8.463E+10  1.519E+14  9.999E-38  9.999E-38   72.9   73.6   10.2    6.0    6.0    4.0    6.0    5.2    1.9
2020  9 23 267 11.00   53.0   55.0   45.0  5.404E+09  1.125E+16  3.018E+15 6.928E-07  256.7   820  7.495E+10  1.345E+14  9.999E-38  9.999E-38   72.9   73.6   10.2    6.0    6.0    4.0    6.0    5.2    1.9
2020  9 23 267 11.00   54.0   55.0   45.0  5.779E+09  9.962E+15  2.671E+15 6.132E-07  254.2   820  6.634E+10  1.191E+14  9.999E-38  9.999E-38   72.9   73.6   10.2    6.0    6.0    4.0    6.0    5.2    1.9
2020  9 23 267 11.00   55.0   55.0   45.0  6.124E+09  8.807E+15  2.362E+15 5.422E-07  251.7   820  5.865E+10  1.053E+14  9.999E-38  9.999E-38   72.9   73.6   10.2    6.0    6.0    4.0    6.0    5.2    1.9
2020  9 23 267 11.00   56.0   55.0   45.0  6.467E+09  7.772E+15  2.084E+15 4.784E-07  249.5   820  5.176E+10  9.289E+13  9.999E-38  9.999E-38   72.9   73.6   10.2    6.0    6.0    4.0    6.0    5.2    1.9
2020  9 23 267 11.00   57.0   55.0   45.0  6.815E+09  6.846E+15  1.836E+15 4.214E-07  247.4   820  4.559E+10  8.182E+13  9.999E-38  9.999E-38   72.9   73.6   10.2    6.0    6.0    4.0    6.0    5.2    1.9
2020  9 23 267 11.00   58.0   55.0   45.0  7.153E+09  6.022E+15  1.615E+15 3.707E-07  245.4   820  4.011E+10  7.198E+13  9.999E-38  9.999E-38   72.9   73.6   10.2    6.0    6.0    4.0    6.0    5.2    1.9
2020  9 23 267 11.00   59.0   55.0   45.0  7.463E+09  5.294E+15  1.420E+15 3.259E-07  243.3   820  3.525E+10  6.327E+13  9.999E-38  9.999E-38   72.9   73.6   10.2    6.0    6.0    4.0    6.0    5.2    1.9
2020  9 23 267 11.00   60.0   55.0   45.0  7.725E+09  4.651E+15  1.247E+15 2.863E-07  241.1   820  3.097E+10  5.559E+13  9.999E-38  9.999E-38   72.9   73.6   10.2    6.0    6.0    4.0    6.0    5.2    1.9
2020  9 23 267 11.00   61.0   55.0   45.0  7.919E+09  4.086E+15  1.096E+15 2.515E-07  238.6   820  2.721E+10  4.883E+13  9.999E-38  9.999E-38   72.9   73.6   10.2    6.0    6.0    4.0    6.0    5.2    1.9
2020  9 23 267 11.00   62.0   55.0   45.0  8.045E+09  3.589E+15  9.624E+14 2.209E-07  235.9   820  2.390E+10  4.289E+13  9.999E-38  9.999E-38   72.9   73.6   10.2    6.0    6.0    4.0    6.0    5.2    1.9
2020  9 23 267 11.00   63.0   55.0   45.0  8.129E+09  3.150E+15  8.446E+14 1.939E-07  233.0   820  2.097E+10  3.764E+13  9.999E-38  9.999E-38   72.9   73.6   10.2    6.0    6.0    4.0    6.0    5.2    1.9
2020  9 23 267 11.00   64.0   55.0   45.0  8.197E+09  2.761E+15  7.403E+14 1.699E-07  230.0   820  1.839E+10  3.299E+13  9.999E-38  9.999E-38   72.9   73.6   10.2    6.0    6.0    4.0    6.0    5.2    1.9
2020  9 23 267 11.00   65.0   55.0   45.0  8.281E+09  2.416E+15  6.479E+14 1.487E-07  226.9   820  1.609E+10  2.887E+13  9.999E-38  9.999E-38   72.9   73.6   10.2    6.0    6.0    4.0    6.0    5.2    1.9
2020  9 23 267 11.00   66.0   55.0   45.0  8.408E+09  2.110E+15  5.659E+14 1.299E-07  223.9   820  1.405E+10  2.522E+13  9.999E-38  9.999E-38   72.9   73.6   10.2    6.0    6.0    4.0    6.0    5.2    1.9
2020  9 23 267 11.00   67.0   55.0   45.0  8.571E+09  1.839E+15  4.932E+14 1.132E-07  221.0   820  1.225E+10  2.198E+13  9.999E-38  9.999E-38   72.9   73.6   10.2    6.0    6.0    4.0    6.0    5.2    1.9
2020  9 23 267 11.00   68.0   55.0   45.0  8.704E+09  1.600E+15  4.290E+14 9.848E-08  218.1   820  1.065E+10  1.912E+13  9.999E-38  9.999E-38   72.9   73.6   10.2    6.0    6.0    4.0    6.0    5.2    1.9
2020  9 23 267 11.00   69.0   55.0   45.0  8.734E+09  1.389E+15  3.724E+14 8.548E-08  215.3   820  9.248E+09  1.660E+13  9.999E-38  9.999E-38   72.9   73.6   10.2    6.0    6.0    4.0    6.0    5.2    1.9
2020  9 23 267 11.00   70.0   55.0   45.0  8.591E+09  1.203E+15  3.226E+14 7.406E-08  212.6   820  8.012E+09  1.438E+13  9.999E-38  9.999E-38   72.9   73.6   10.2    6.0    6.0    4.0    6.0    5.2    1.9
2020  9 23 267 11.00   71.0   55.0   45.0  8.215E+09  1.040E+15  2.789E+14 6.403E-08  209.9   820  6.927E+09  1.243E+13  9.999E-38  9.999E-38   72.9   73.6   10.2    6.0    6.0    4.0    6.0    5.2    1.9
2020  9 23 267 11.00   72.0   55.0   45.0  7.652E+09  8.975E+14  2.407E+14 5.525E-08  207.2   820  5.977E+09  1.073E+13  9.999E-38  9.999E-38   72.9   73.6   10.2    6.0    6.0    4.0    6.0    5.2    1.9
2020  9 23 267 11.00   73.0   55.0   45.0  7.070E+09  7.725E+14  2.072E+14 4.756E-08  204.6   820  5.145E+09  9.232E+12  9.999E-38  9.999E-38   72.9   73.6   10.2    6.0    6.0    4.0    6.0    5.2    1.9
2020  9 23 267 11.00   74.0   55.0   45.0  6.614E+09  6.631E+14  1.778E+14 4.082E-08  202.3   820  4.416E+09  7.924E+12  9.999E-38  9.999E-38   72.9   73.6   10.2    6.0    6.0    4.0    6.0    5.2    1.9
2020  9 23 267 11.00   75.0   55.0   45.0  6.391E+09  5.674E+14  1.521E+14 3.493E-08  200.3   820  3.778E+09  6.781E+12  9.999E-38  9.999E-38   72.9   73.6   10.2    6.0    6.0    4.0    6.0    5.2    1.9
2020  9 23 267 11.00   76.0   55.0   45.0  6.511E+09  4.840E+14  1.298E+14 2.979E-08  198.6   820  3.223E+09  5.784E+12  3.992E+07  9.999E-38   72.9   73.6   10.2    6.0    6.0    4.0    6.0    5.2    1.9
2020  9 23 267 11.00   77.0   55.0   45.0  7.083E+09  4.116E+14  1.104E+14 2.534E-08  197.2   820  2.744E+09  4.919E+12  7.981E+07  9.999E-38   72.9   73.6   10.2    6.0    6.0    4.0    6.0    5.2    1.9
2020  9 23 267 11.00   78.0   55.0   45.0  8.199E+09  3.494E+14  9.370E+13 2.151E-08  196.1   820  2.336E+09  4.176E+12  1.255E+08  9.999E-38   72.9   73.6   10.2    6.0    6.0    4.0    6.0    5.2    1.9
2020  9 23 267 11.00   79.0   55.0   45.0  1.003E+10  2.964E+14  7.947E+13 1.824E-08  194.9   820  1.991E+09  3.542E+12  1.663E+08  9.999E-38   72.9   73.6   10.2    6.0    6.0    4.0    6.0    5.2    1.9
2020  9 23 267 11.00   80.0   55.0   45.0  1.290E+10  2.513E+14  6.739E+13 1.547E-08  193.6   820  1.699E+09  3.004E+12  1.950E+08  9.999E-38   72.9   73.6   10.2    6.0    6.0    4.0    6.0    5.2    1.9
2020  9 23 267 11.00   81.0   55.0   45.0  1.733E+10  2.132E+14  5.718E+13 1.313E-08  191.9   820  1.453E+09  2.548E+12  2.098E+08  9.999E-38   72.9   73.6   10.2    6.0    6.0    4.0    6.0    5.2    1.9
2020  9 23 267 11.00   82.0   55.0   45.0  2.415E+10  1.810E+14  4.854E+13 1.114E-08  189.8   820  1.246E+09  2.163E+12  2.123E+08  9.999E-38   72.9   73.6   10.2    6.0    6.0    4.0    6.0    5.2    1.9
2020  9 23 267 11.00   83.0   55.0   45.0  3.468E+10  1.536E+14  4.118E+13 9.454E-09  187.6   820  1.069E+09  1.835E+12  2.054E+08  9.999E-38   72.9   73.6   10.2    6.0    6.0    4.0    6.0    5.2    1.9
2020  9 23 267 11.00   84.0   55.0   45.0  5.101E+10  1.300E+14  3.485E+13 8.002E-09  185.3   820  9.178E+08  1.553E+12  1.923E+08  9.999E-38   72.9   73.6   10.2    6.0    6.0    4.0    6.0    5.2    1.9
2020  9 23 267 11.00   85.0   55.0   45.0  7.630E+10  1.096E+14  2.940E+13 6.751E-09  183.4   820  7.865E+08  1.310E+12  1.757E+08  9.999E-38   72.9   73.6   10.2    6.0    6.0    4.0    6.0    5.2    1.9
2020  9 23 267 11.00   86.0   55.0   45.0  1.153E+11  9.209E+13  2.469E+13 5.672E-09  181.9   820  6.725E+08  1.100E+12  1.577E+08  9.999E-38   72.9   73.6   10.2    6.0    6.0    4.0    6.0    5.2    1.9
2020  9 23 267 11.00   87.0   55.0   45.0  1.704E+11  7.701E+13  2.063E+13 4.744E-09  181.1   820  5.746E+08  9.187E+11  1.402E+08  9.999E-38   72.9   73.6   10.2    6.0    6.0    4.0    6.0    5.2    1.9
2020  9 23 267 11.00   88.0   55.0   45.0  2.380E+11  6.417E+13  1.718E+13 3.955E-09  180.9   820  4.921E+08  7.637E+11  1.240E+08  9.999E-38   72.9   73.6   10.2    6.0    6.0    4.0    6.0    5.2    1.9
2020  9 23 267 11.00   89.0   55.0   45.0  3.162E+11  5.334E+13  1.426E+13 3.289E-09  181.1   820  4.228E+08  6.326E+11  1.093E+08  9.999E-38   72.9   73.6   10.2    6.0    6.0    4.0    6.0    5.2    1.9
2020  9 23 267 11.00   90.0   55.0   45.0  4.015E+11  4.428E+13  1.181E+13 2.733E-09  181.7   820  3.649E+08  5.228E+11  9.640E+07  9.999E-38   72.9   73.6   10.2    6.0    6.0    4.0    6.0    5.2    1.9
2020  9 23 267 11.00   91.0   55.0   45.0  4.895E+11  3.674E+13  9.778E+12 2.270E-09  182.6   820  3.166E+08  4.313E+11  8.514E+07  9.999E-38   72.9   73.6   10.2    6.0    6.0    4.0    6.0    5.2    1.9
2020  9 23 267 11.00   92.0   55.0   45.0  5.751E+11  3.049E+13  8.092E+12 1.887E-09  183.6   820  2.763E+08  3.555E+11  7.542E+07  5.740E+04   72.9   73.6   10.2    6.0    6.0    4.0    6.0    5.2    1.9
2020  9 23 267 11.00   93.0   55.0   45.0  6.522E+11  2.533E+13  6.699E+12 1.571E-09  184.6   820  2.426E+08  2.930E+11  6.706E+07  6.759E+04   72.9   73.6   10.2    6.0    6.0    4.0    6.0    5.2    1.9
2020  9 23 267 11.00   94.0   55.0   45.0  7.145E+11  2.109E+13  5.552E+12 1.311E-09  185.6   820  2.146E+08  2.416E+11  5.990E+07  7.875E+04   72.9   73.6   10.2    6.0    6.0    4.0    6.0    5.2    1.9
2020  9 23 267 11.00   95.0   55.0   45.0  7.551E+11  1.759E+13  4.604E+12 1.096E-09  186.5   820  1.911E+08  1.992E+11  5.371E+07  9.095E+04   72.9   73.6   10.2    6.0    6.0    4.0    6.0    5.2    1.9
2020  9 23 267 11.00   96.0   55.0   45.0  7.685E+11  1.469E+13  3.819E+12 9.176E-10  187.4   820  1.714E+08  1.639E+11  4.826E+07  1.045E+05   72.9   73.6   10.2    6.0    6.0    4.0    6.0    5.2    1.9
2020  9 23 267 11.00   97.0   55.0   45.0  7.502E+11  1.229E+13  3.167E+12 7.687E-10  188.3   820  1.547E+08  1.346E+11  4.345E+07  1.194E+05   72.9   73.6   10.2    6.0    6.0    4.0    6.0    5.2    1.9
2020  9 23 267 11.00   98.0   55.0   45.0  7.009E+11  1.028E+13  2.624E+12 6.437E-10  189.2   820  1.404E+08  1.103E+11  3.917E+07  1.360E+05   72.9   73.6   10.2    6.0    6.0    4.0    6.0    5.2    1.9
2020  9 23 267 11.00   99.0   55.0   45.0  6.281E+11  8.606E+12  2.172E+12 5.384E-10  190.4   820  1.281E+08  9.006E+10  3.535E+07  1.543E+05   72.9   73.6   10.2    6.0    6.0    4.0    6.0    5.2    1.9
2020  9 23 267 11.00  100.0   55.0   45.0  5.442E+11  7.202E+12  1.795E+12 4.498E-10  191.9   820  1.175E+08  7.332E+10  3.194E+07  1.747E+05   72.9   73.6   10.2    6.0    6.0    4.0    6.0    5.2    1.9
2020  9 23 267 11.00  101.0   55.0   45.0  4.617E+11  6.026E+12  1.482E+12 3.752E-10  193.7   820  1.082E+08  5.950E+10  2.887E+07  1.975E+05   72.9   73.6   10.2    6.0    6.0    4.0    6.0    5.2    1.9
2020  9 23 267 11.00  102.0   55.0   45.0  3.888E+11  5.039E+12  1.221E+12 3.128E-10  196.1   820  1.001E+08  4.813E+10  2.611E+07  2.227E+05   72.9   73.6   10.2    6.0    6.0    4.0    6.0    5.2    1.9
2020  9 23 267 11.00  103.0   55.0   45.0  3.288E+11  4.211E+12  1.004E+12 2.605E-10  199.0   820  9.286E+07  3.881E+10  2.362E+07  2.509E+05   72.9   73.6   10.2    6.0    6.0    4.0    6.0    5.2    1.9
2020  9 23 267 11.00  104.0   55.0   45.0  2.808E+11  3.516E+12  8.248E+11 2.169E-10  202.8   820  8.642E+07  3.120E+10  2.136E+07  2.820E+05   72.9   73.6   10.2    6.0    6.0    4.0    6.0    5.2    1.9
2020  9 23 267 11.00  105.0   55.0   45.0  2.425E+11  2.935E+12  6.764E+11 1.806E-10  207.4   820  8.061E+07  2.504E+10  1.931E+07  3.161E+05   72.9   73.6   10.2    6.0    6.0    4.0    6.0    5.2    1.9
2020  9 23 267 11.00  106.0   55.0   45.0  2.116E+11  2.449E+12  5.544E+11 1.503E-10  213.0   820  7.537E+07  2.008E+10  1.745E+07  3.532E+05   72.9   73.6   10.2    6.0    6.0    4.0    6.0    5.2    1.9
2020  9 23 267 11.00  107.0   55.0   45.0  1.865E+11  2.045E+12  4.546E+11 1.253E-10  219.6   820  7.063E+07  1.611E+10  1.578E+07  3.937E+05   72.9   73.6   10.2    6.0    6.0    4.0    6.0    5.2    1.9
2020  9 23 267 11.00  108.0   55.0   45.0  1.656E+11  1.711E+12  3.732E+11 1.047E-10  227.1   820  6.620E+07  1.294E+10  1.426E+07  4.380E+05   72.9   73.6   10.2    6.0    6.0    4.0    6.0    5.2    1.9
2020  9 23 267 11.00  109.0   55.0   45.0  1.479E+11  1.434E+12  3.069E+11 8.763E-11  235.6   820  6.203E+07  1.041E+10  1.287E+07  4.865E+05   72.9   73.6   10.2    6.0    6.0    4.0    6.0    5.2    1.9
2020  9 23 267 11.00  110.0   55.0   45.0  1.327E+11  1.205E+12  2.530E+11 7.359E-11  245.0   820  5.812E+07  8.400E+09  1.160E+07  5.396E+05   72.9   73.6   10.2    6.0    6.0    4.0    6.0    5.2    1.9
2020  9 23 267 11.00  111.0   55.0   45.0  1.195E+11  1.016E+12  2.093E+11 6.202E-11  255.4   820  5.447E+07  6.801E+09  1.045E+07  5.978E+05   72.9   73.6   10.2    6.0    6.0    4.0    6.0    5.2    1.9
2020  9 23 267 11.00  112.0   55.0   45.0  1.080E+11  8.603E+11  1.738E+11 5.249E-11  266.6   820  5.109E+07  5.530E+09  9.420E+06  6.617E+05   72.9   73.6   10.2    6.0    6.0    4.0    6.0    5.2    1.9
2020  9 23 267 11.00  113.0   55.0   45.0  9.784E+10  7.315E+11  1.449E+11 4.463E-11  278.6   820  4.798E+07  4.518E+09  8.499E+06  7.320E+05   72.9   73.6   10.2    6.0    6.0    4.0    6.0    5.2    1.9
2020  9 23 267 11.00  114.0   55.0   45.0  8.896E+10  6.251E+11  1.215E+11 3.814E-11  291.2   820  4.515E+07  3.712E+09  7.680E+06  8.096E+05   72.9   73.6   10.2    6.0    6.0    4.0    6.0    5.2    1.9
2020  9 23 267 11.00  115.0   55.0   45.0  8.117E+10  5.372E+11  1.024E+11 3.279E-11  304.1   820  4.260E+07  3.069E+09  6.959E+06  8.957E+05   72.9   73.6   10.2    6.0    6.0    4.0    6.0    5.2    1.9
2020  9 23 267 11.00  116.0   55.0   45.0  7.433E+10  4.643E+11  8.689E+10 2.836E-11  317.3   820  4.031E+07  2.553E+09  6.325E+06  9.913E+05   72.9   73.6   10.2    6.0    6.0    4.0    6.0    5.2    1.9
2020  9 23 267 11.00  117.0   55.0   45.0  6.830E+10  4.036E+11  7.413E+10 2.467E-11  330.5   820  3.826E+07  2.137E+09  5.767E+06  1.097E+06   72.9   73.6   10.2    6.0    6.0    4.0    6.0    5.2    1.9
2020  9 23 267 11.00  118.0   55.0   45.0  6.296E+10  3.528E+11  6.360E+10 2.158E-11  343.8   820  3.640E+07  1.799E+09  5.275E+06  1.214E+06   72.9   73.6   10.2    6.0    6.0    4.0    6.0    5.2    1.9
2020  9 23 267 11.00  119.0   55.0   45.0  5.822E+10  3.099E+11  5.485E+10 1.898E-11  357.2   820  3.470E+07  1.523E+09  4.841E+06  1.344E+06   72.9   73.6   10.2    6.0    6.0    4.0    6.0    5.2    1.9
2020  9 23 267 11.00  120.0   55.0   45.0  5.399E+10  2.736E+11  4.756E+10 1.678E-11  370.5   820  3.314E+07  1.297E+09  4.457E+06  1.486E+06   72.9   73.6   10.2    6.0    6.0    4.0    6.0    5.2    1.9
2020  9 23 267 11.00  121.0   55.0   45.0  5.021E+10  2.428E+11  4.144E+10 1.490E-11  383.6   820  3.172E+07  1.110E+09  4.115E+06  1.642E+06   72.9   73.6   10.2    6.0    6.0    4.0    6.0    5.2    1.9
2020  9 23 267 11.00  122.0   55.0   45.0  4.683E+10  2.163E+11  3.628E+10 1.330E-11  396.6   820  3.042E+07  9.542E+08  3.809E+06  1.814E+06   72.9   73.6   10.2    6.0    6.0    4.0    6.0    5.2    1.9
2020  9 23 267 11.00  123.0   55.0   45.0  4.380E+10  1.936E+11  3.192E+10 1.192E-11  409.3   820  2.923E+07  8.246E+08  3.535E+06  2.002E+06   72.9   73.6   10.2    6.0    6.0    4.0    6.0    5.2    1.9
2020  9 23 267 11.00  124.0   55.0   45.0  4.106E+10  1.740E+11  2.820E+10 1.073E-11  421.7   820  2.814E+07  7.161E+08  3.288E+06  2.207E+06   72.9   73.6   10.2    6.0    6.0    4.0    6.0    5.2    1.9
2020  9 23 267 11.00  125.0   55.0   45.0  3.858E+10  1.570E+11  2.502E+10 9.700E-12  433.8   820  2.714E+07  6.247E+08  3.067E+06  2.430E+06   72.9   73.6   10.2    6.0    6.0    4.0    6.0    5.2    1.9
2020  9 23 267 11.00  126.0   55.0   45.0  3.632E+10  1.422E+11  2.229E+10 8.799E-12  445.5   820  2.623E+07  5.474E+08  2.866E+06  2.671E+06   72.9   73.6   10.2    6.0    6.0    4.0    6.0    5.2    1.9
2020  9 23 267 11.00  127.0   55.0   45.0  3.426E+10  1.292E+11  1.993E+10 8.010E-12  456.9   820  2.539E+07  4.815E+08  2.685E+06  2.932E+06   72.9   73.6   10.2    6.0    6.0    4.0    6.0    5.2    1.9
2020  9 23 267 11.00  128.0   55.0   45.0  3.236E+10  1.177E+11  1.787E+10 7.315E-12  467.9   820  2.462E+07  4.251E+08  2.521E+06  3.212E+06   72.9   73.6   10.2    6.0    6.0    4.0    6.0    5.2    1.9
2020  9 23 267 11.00  129.0   55.0   45.0  3.063E+10  1.076E+11  1.608E+10 6.699E-12  478.5   820  2.390E+07  3.766E+08  2.371E+06  3.513E+06   72.9   73.6   10.2    6.0    6.0    4.0    6.0    5.2    1.9
2020  9 23 267 11.00  130.0   55.0   45.0  2.902E+10  9.862E+10  1.451E+10 6.152E-12  488.9   820  2.324E+07  3.347E+08  2.234E+06  3.836E+06   72.9   73.6   10.2    6.0    6.0    4.0    6.0    5.2    1.9
2020  9 23 267 11.00  131.0   55.0   45.0  2.755E+10  9.061E+10  1.313E+10 5.664E-12  498.9   820  2.262E+07  2.983E+08  2.109E+06  4.180E+06   72.9   73.6   10.2    6.0    6.0    4.0    6.0    5.2    1.9
2020  9 23 267 11.00  132.0   55.0   45.0  2.618E+10  8.343E+10  1.191E+10 5.228E-12  508.6   820  2.205E+07  2.666E+08  1.994E+06  4.547E+06   72.9   73.6   10.2    6.0    6.0    4.0    6.0    5.2    1.9
2020  9 23 267 11.00  133.0   55.0   45.0  2.491E+10  7.700E+10  1.083E+10 4.835E-12  518.0   820  2.151E+07  2.388E+08  1.888E+06  4.936E+06   72.9   73.6   10.2    6.0    6.0    4.0    6.0    5.2    1.9
2020  9 23 267 11.00  134.0   55.0   45.0  2.373E+10  7.120E+10  9.871E+09 4.481E-12  527.2   820  2.101E+07  2.145E+08  1.790E+06  5.350E+06   72.9   73.6   10.2    6.0    6.0    4.0    6.0    5.2    1.9
2020  9 23 267 11.00  135.0   55.0   45.0  2.263E+10  6.596E+10  9.014E+09 4.161E-12  536.0   820  2.053E+07  1.930E+08  1.699E+06  5.787E+06   72.9   73.6   10.2    6.0    6.0    4.0    6.0    5.2    1.9
2020  9 23 267 11.00  136.0   55.0   45.0  2.161E+10  6.121E+10  8.247E+09 3.871E-12  544.6   820  2.009E+07  1.741E+08  1.616E+06  6.248E+06   72.9   73.6   10.2    6.0    6.0    4.0    6.0    5.2    1.9
2020  9 23 267 11.00  137.0   55.0   45.0  2.065E+10  5.690E+10  7.559E+09 3.608E-12  552.9   820  1.967E+07  1.573E+08  1.538E+06  6.734E+06   72.9   73.6   10.2    6.0    6.0    4.0    6.0    5.2    1.9
2020  9 23 267 11.00  138.0   55.0   45.0  1.976E+10  5.298E+10  6.941E+09 3.368E-12  561.0   820  1.927E+07  1.424E+08  1.466E+06  7.245E+06   72.9   73.6   10.2    6.0    6.0    4.0    6.0    5.2    1.9
2020  9 23 267 11.00  139.0   55.0   45.0  1.892E+10  4.940E+10  6.384E+09 3.148E-12  568.8   820  1.890E+07  1.292E+08  1.398E+06  7.780E+06   72.9   73.6   10.2    6.0    6.0    4.0    6.0    5.2    1.9
2020  9 23 267 11.00  140.0   55.0   45.0  1.813E+10  4.612E+10  5.881E+09 2.948E-12  576.4   820  1.855E+07  1.174E+08  1.336E+06  8.339E+06   72.9   73.6   10.2    6.0    6.0    4.0    6.0    5.2    1.9
2020  9 23 267 11.00  141.0   55.0   45.0  1.739E+10  4.312E+10  5.426E+09 2.764E-12  583.8   820  1.821E+07  1.068E+08  1.277E+06  8.924E+06   72.9   73.6   10.2    6.0    6.0    4.0    6.0    5.2    1.9
2020  9 23 267 11.00  142.0   55.0   45.0  1.670E+10  4.036E+10  5.013E+09 2.594E-12  590.9   820  1.789E+07  9.729E+07  1.222E+06  9.532E+06   72.9   73.6   10.2    6.0    6.0    4.0    6.0    5.2    1.9
2020  9 23 267 11.00  143.0   55.0   45.0  1.605E+10  3.783E+10  4.638E+09 2.439E-12  597.8   820  1.759E+07  8.879E+07  1.171E+06  1.016E+07   72.9   73.6   10.2    6.0    6.0    4.0    6.0    5.2    1.9
2020  9 23 267 11.00  144.0   55.0   45.0  1.543E+10  3.549E+10  4.296E+09 2.295E-12  604.5   820  1.730E+07  8.115E+07  1.123E+06  1.082E+07   72.9   73.6   10.2    6.0    6.0    4.0    6.0    5.2    1.9
2020  9 23 267 11.00  145.0   55.0   45.0  1.485E+10  3.333E+10  3.985E+09 2.162E-12  611.0   820  1.703E+07  7.427E+07  1.077E+06  1.149E+07   72.9   73.6   10.2    6.0    6.0    4.0    6.0    5.2    1.9
2020  9 23 267 11.00  146.0   55.0   45.0  1.429E+10  3.134E+10  3.700E+09 2.039E-12  617.3   820  1.676E+07  6.806E+07  1.035E+06  1.218E+07   72.9   73.6   10.2    6.0    6.0    4.0    6.0    5.2    1.9
2020  9 23 267 11.00  147.0   55.0   45.0  1.377E+10  2.949E+10  3.440E+09 1.925E-12  623.4   820  1.651E+07  6.244E+07  9.949E+05  1.290E+07   72.9   73.6   10.2    6.0    6.0    4.0    6.0    5.2    1.9
2020  9 23 267 11.00  148.0   55.0   45.0  1.327E+10  2.777E+10  3.201E+09 1.819E-12  629.3   820  1.627E+07  5.736E+07  9.573E+05  1.362E+07   72.9   73.6   10.2    6.0    6.0    4.0    6.0    5.2    1.9
2020  9 23 267 11.00  149.0   55.0   45.0  1.280E+10  2.618E+10  2.982E+09 1.720E-12  635.1   820  1.604E+07  5.275E+07  9.218E+05  1.437E+07   72.9   73.6   10.2    6.0    6.0    4.0    6.0    5.2    1.9
2020  9 23 267 11.00  150.0   55.0   45.0  1.235E+10  2.470E+10  2.781E+09 1.628E-12  640.6   820  1.582E+07  4.856E+07  8.883E+05  1.512E+07   72.9   73.6   10.2    6.0    6.0    4.0    6.0    5.2    1.9
2020  9 23 267 11.00  151.0   55.0   45.0  1.192E+10  2.332E+10  2.595E+09 1.543E-12  646.0   820  1.561E+07  4.475E+07  8.566E+05  1.589E+07   72.9   73.6   10.2    6.0    6.0    4.0    6.0    5.2    1.9
2020  9 23 267 11.00  152.0   55.0   45.0  1.151E+10  2.204E+10  2.424E+09 1.463E-12  651.3   820  1.540E+07  4.128E+07  8.268E+05  1.666E+07   72.9   73.6   10.2    6.0    6.0    4.0    6.0    5.2    1.9
2020  9 23 267 11.00  153.0   55.0   45.0  1.112E+10  2.084E+10  2.267E+09 1.388E-12  656.3   820  1.521E+07  3.812E+07  7.985E+05  1.745E+07   72.9   73.6   10.2    6.0    6.0    4.0    6.0    5.2    1.9
2020  9 23 267 11.00  154.0   55.0   45.0  1.075E+10  1.971E+10  2.121E+09 1.318E-12  661.3   820  1.502E+07  3.523E+07  7.718E+05  1.823E+07   72.9   73.6   10.2    6.0    6.0    4.0    6.0    5.2    1.9
2020  9 23 267 11.00  155.0   55.0   45.0  1.039E+10  1.867E+10  1.987E+09 1.253E-12  666.0   820  1.484E+07  3.259E+07  7.465E+05  1.902E+07   72.9   73.6   10.2    6.0    6.0    4.0    6.0    5.2    1.9
2020  9 23 267 11.00  156.0   55.0   45.0  1.005E+10  1.768E+10  1.862E+09 1.191E-12  670.7   820  1.466E+07  3.017E+07  7.225E+05  1.981E+07   72.9   73.6   10.2    6.0    6.0    4.0    6.0    5.2    1.9
2020  9 23 267 11.00  157.0   55.0   45.0  9.727E+09  1.676E+10  1.746E+09 1.133E-12  675.1   820  1.449E+07  2.796E+07  6.997E+05  2.060E+07   72.9   73.6   10.2    6.0    6.0    4.0    6.0    5.2    1.9
2020  9 23 267 11.00  158.0   55.0   45.0  9.416E+09  1.590E+10  1.639E+09 1.079E-12  679.5   820  1.433E+07  2.592E+07  6.782E+05  2.138E+07   72.9   73.6   10.2    6.0    6.0    4.0    6.0    5.2    1.9
2020  9 23 267 11.00  159.0   55.0   45.0  9.119E+09  1.509E+10  1.540E+09 1.028E-12  683.7   820  1.417E+07  2.406E+07  6.577E+05  2.216E+07   72.9   73.6   10.2    6.0    6.0    4.0    6.0    5.2    1.9
2020  9 23 267 11.00  160.0   55.0   45.0  8.834E+09  1.432E+10  1.447E+09 9.801E-13  687.8   820  1.402E+07  2.234E+07  6.383E+05  2.292E+07   72.9   73.6   10.2    6.0    6.0    4.0    6.0    5.2    1.9
2020  9 23 267 11.00  161.0   55.0   45.0  8.561E+09  1.361E+10  1.361E+09 9.348E-13  691.8   820  1.387E+07  2.076E+07  6.199E+05  2.368E+07   72.9   73.6   10.2    6.0    6.0    4.0    6.0    5.2    1.9
2020  9 23 267 11.00  162.0   55.0   45.0  8.299E+09  1.293E+10  1.281E+09 8.921E-13  695.6   820  1.372E+07  1.930E+07  6.023E+05  2.442E+07   72.9   73.6   10.2    6.0    6.0    4.0    6.0    5.2    1.9
2020  9 23 267 11.00  163.0   55.0   45.0  8.048E+09  1.230E+10  1.206E+09 8.518E-13  699.3   820  1.359E+07  1.796E+07  5.857E+05  2.514E+07   72.9   73.6   10.2    6.0    6.0    4.0    6.0    5.2    1.9
2020  9 23 267 11.00  164.0   55.0   45.0  7.806E+09  1.170E+10  1.136E+09 8.137E-13  703.0   820  1.345E+07  1.672E+07  5.698E+05  2.585E+07   72.9   73.6   10.2    6.0    6.0    4.0    6.0    5.2    1.9
2020  9 23 267 11.00  165.0   55.0   45.0  7.574E+09  1.113E+10  1.071E+09 7.777E-13  706.5   820  1.332E+07  1.558E+07  5.547E+05  2.653E+07   72.9   73.6   10.2    6.0    6.0    4.0    6.0    5.2    1.9
2020  9 23 267 11.00  166.0   55.0   45.0  7.351E+09  1.060E+10  1.010E+09 7.436E-13  709.9   820  1.319E+07  1.452E+07  5.404E+05  2.719E+07   72.9   73.6   10.2    6.0    6.0    4.0    6.0    5.2    1.9
2020  9 23 267 11.00  167.0   55.0   45.0  7.136E+09  1.009E+10  9.532E+08 7.114E-13  713.2   820  1.306E+07  1.354E+07  5.267E+05  2.783E+07   72.9   73.6   10.2    6.0    6.0    4.0    6.0    5.2    1.9
2020  9 23 267 11.00  168.0   55.0   45.0  6.930E+09  9.616E+09  8.999E+08 6.808E-13  716.4   820  1.294E+07  1.264E+07  5.137E+05  2.844E+07   72.9   73.6   10.2    6.0    6.0    4.0    6.0    5.2    1.9
2020  9 23 267 11.00  169.0   55.0   45.0  6.731E+09  9.165E+09  8.500E+08 6.519E-13  719.5   820  1.282E+07  1.180E+07  5.013E+05  2.903E+07   72.9   73.6   10.2    6.0    6.0    4.0    6.0    5.2    1.9
2020  9 23 267 11.00  170.0   55.0   45.0  6.540E+09  8.738E+09  8.033E+08 6.244E-13  722.5   820  1.271E+07  1.102E+07  4.894E+05  2.959E+07   72.9   73.6   10.2    6.0    6.0    4.0    6.0    5.2    1.9
2020  9 23 267 11.00  171.0   55.0   45.0  6.355E+09  8.334E+09  7.595E+08 5.984E-13  725.4   820  1.260E+07  1.030E+07  4.782E+05  3.011E+07   72.9   73.6   10.2    6.0    6.0    4.0    6.0    5.2    1.9
2020  9 23 267 11.00  172.0   55.0   45.0  6.177E+09  7.951E+09  7.184E+08 5.736E-13  728.2   820  1.248E+07  9.630E+06  4.674E+05  3.061E+07   72.9   73.6   10.2    6.0    6.0    4.0    6.0    5.2    1.9
2020  9 23 267 11.00  173.0   55.0   45.0  6.006E+09  7.588E+09  6.797E+08 5.501E-13  731.0   820  1.238E+07  9.008E+06  4.571E+05  3.107E+07   72.9   73.6   10.2    6.0    6.0    4.0    6.0    5.2    1.9
2020  9 23 267 11.00  174.0   55.0   45.0  5.840E+09  7.244E+09  6.435E+08 5.277E-13  733.6   820  1.227E+07  8.430E+06  4.473E+05  3.150E+07   72.9   73.6   10.2    6.0    6.0    4.0    6.0    5.2    1.9
2020  9 23 267 11.00  175.0   55.0   45.0  5.680E+09  6.917E+09  6.094E+08 5.064E-13  736.2   820  1.217E+07  7.892E+06  4.380E+05  3.190E+07   72.9   73.6   10.2    6.0    6.0    4.0    6.0    5.2    1.9
2020  9 23 267 11.00  176.0   55.0   45.0  5.526E+09  6.607E+09  5.773E+08 4.862E-13  738.7   820  1.207E+07  7.391E+06  4.290E+05  3.226E+07   72.9   73.6   10.2    6.0    6.0    4.0    6.0    5.2    1.9
2020  9 23 267 11.00  177.0   55.0   45.0  5.377E+09  6.313E+09  5.471E+08 4.669E-13  741.1   820  1.197E+07  6.925E+06  4.205E+05  3.259E+07   72.9   73.6   10.2    6.0    6.0    4.0    6.0    5.2    1.9
2020  9 23 267 11.00  178.0   55.0   45.0  5.233E+09  6.033E+09  5.187E+08 4.485E-13  743.5   820  1.187E+07  6.491E+06  4.123E+05  3.289E+07   72.9   73.6   10.2    6.0    6.0    4.0    6.0    5.2    1.9
2020  9 23 267 11.00  179.0   55.0   45.0  5.093E+09  5.767E+09  4.919E+08 4.310E-13  745.8   820  1.178E+07  6.086E+06  4.045E+05  3.316E+07   72.9   73.6   10.2    6.0    6.0    4.0    6.0    5.2    1.9
2020  9 23 267 11.00  180.0   55.0   45.0  4.958E+09  5.514E+09  4.667E+08 4.143E-13  748.0   820  1.169E+07  5.708E+06  3.971E+05  3.339E+07   72.9   73.6   10.2    6.0    6.0    4.0    6.0    5.2    1.9
2020  9 23 267 11.00  181.0   55.0   45.0  4.828E+09  5.274E+09  4.429E+08 3.983E-13  750.1   820  1.159E+07  5.356E+06  3.899E+05  3.359E+07   72.9   73.6   10.2    6.0    6.0    4.0    6.0    5.2    1.9
2020  9 23 267 11.00  182.0   55.0   45.0  4.702E+09  5.045E+09  4.204E+08 3.831E-13  752.2   820  1.151E+07  5.027E+06  3.831E+05  3.375E+07   72.9   73.6   10.2    6.0    6.0    4.0    6.0    5.2    1.9
2020  9 23 267 11.00  183.0   55.0   45.0  4.580E+09  4.827E+09  3.992E+08 3.686E-13  754.2   820  1.142E+07  4.720E+06  3.765E+05  3.388E+07   72.9   73.6   10.2    6.0    6.0    4.0    6.0    5.2    1.9
2020  9 23 267 11.00  184.0   55.0   45.0  4.461E+09  4.619E+09  3.792E+08 3.547E-13  756.2   820  1.133E+07  4.433E+06  3.703E+05  3.399E+07   72.9   73.6   10.2    6.0    6.0    4.0    6.0    5.2    1.9
2020  9 23 267 11.00  185.0   55.0   45.0  4.347E+09  4.421E+09  3.603E+08 3.414E-13  758.1   820  1.125E+07  4.164E+06  3.643E+05  3.406E+07   72.9   73.6   10.2    6.0    6.0    4.0    6.0    5.2    1.9
2020  9 23 267 11.00  186.0   55.0   45.0  4.236E+09  4.233E+09  3.424E+08 3.288E-13  759.9   820  1.116E+07  3.913E+06  3.585E+05  3.410E+07   72.9   73.6   10.2    6.0    6.0    4.0    6.0    5.2    1.9
2020  9 23 267 11.00  187.0   55.0   45.0  4.128E+09  4.053E+09  3.255E+08 3.166E-13  761.7   820  1.108E+07  3.678E+06  3.530E+05  3.411E+07   72.9   73.6   10.2    6.0    6.0    4.0    6.0    5.2    1.9
2020  9 23 267 11.00  188.0   55.0   45.0  4.023E+09  3.882E+09  3.095E+08 3.050E-13  763.4   820  1.100E+07  3.459E+06  3.478E+05  3.410E+07   72.9   73.6   10.2    6.0    6.0    4.0    6.0    5.2    1.9
2020  9 23 267 11.00  189.0   55.0   45.0  3.922E+09  3.718E+09  2.944E+08 2.939E-13  765.1   820  1.092E+07  3.253E+06  3.427E+05  3.406E+07   72.9   73.6   10.2    6.0    6.0    4.0    6.0    5.2    1.9
2020  9 23 267 11.00  190.0   55.0   45.0  3.824E+09  3.562E+09  2.800E+08 2.833E-13  766.8   820  1.084E+07  3.060E+06  3.378E+05  3.399E+07   72.9   73.6   10.2    6.0    6.0    4.0    6.0    5.2    1.9
2020  9 23 267 11.00  191.0   55.0   45.0  3.729E+09  3.414E+09  2.665E+08 2.731E-13  768.3   820  1.077E+07  2.879E+06  3.332E+05  3.390E+07   72.9   73.6   10.2    6.0    6.0    4.0    6.0    5.2    1.9
2020  9 23 267 11.00  192.0   55.0   45.0  3.636E+09  3.272E+09  2.536E+08 2.633E-13  769.9   820  1.069E+07  2.710E+06  3.287E+05  3.379E+07   72.9   73.6   10.2    6.0    6.0    4.0    6.0    5.2    1.9
2020  9 23 267 11.00  193.0   55.0   45.0  3.546E+09  3.136E+09  2.414E+08 2.539E-13  771.4   820  1.062E+07  2.551E+06  3.244E+05  3.365E+07   72.9   73.6   10.2    6.0    6.0    4.0    6.0    5.2    1.9
2020  9 23 267 11.00  194.0   55.0   45.0  3.459E+09  3.006E+09  2.299E+08 2.450E-13  772.8   820  1.054E+07  2.402E+06  3.203E+05  3.349E+07   72.9   73.6   10.2    6.0    6.0    4.0    6.0    5.2    1.9
2020  9 23 267 11.00  195.0   55.0   45.0  3.375E+09  2.882E+09  2.189E+08 2.364E-13  774.2   820  1.047E+07  2.262E+06  3.163E+05  3.331E+07   72.9   73.6   10.2    6.0    6.0    4.0    6.0    5.2    1.9
2020  9 23 267 11.00  196.0   55.0   45.0  3.292E+09  2.764E+09  2.085E+08 2.281E-13  775.6   820  1.040E+07  2.131E+06  3.125E+05  3.312E+07   72.9   73.6   10.2    6.0    6.0    4.0    6.0    5.2    1.9
2020  9 23 267 11.00  197.0   55.0   45.0  3.212E+09  2.651E+09  1.987E+08 2.202E-13  776.9   820  1.033E+07  2.008E+06  3.089E+05  3.290E+07   72.9   73.6   10.2    6.0    6.0    4.0    6.0    5.2    1.9
2020  9 23 267 11.00  198.0   55.0   45.0  3.135E+09  2.543E+09  1.893E+08 2.126E-13  778.2   820  1.026E+07  1.892E+06  3.054E+05  3.267E+07   72.9   73.6   10.2    6.0    6.0    4.0    6.0    5.2    1.9
2020  9 23 267 11.00  199.0   55.0   45.0  3.059E+09  2.439E+09  1.804E+08 2.053E-13  779.4   820  1.019E+07  1.783E+06  3.020E+05  3.242E+07   72.9   73.6   10.2    6.0    6.0    4.0    6.0    5.2    1.9
