Year Mon Day DOY hour Heit(km) Lat  Lon Oden(cm-3) N2den(cm-3) O2den(cm-3) air(gm/cm3) T(K) exoT(K) Heden(cm-3)Arden(cm-3) Hden(cm-3) Nden(cm-3) F107 F107a apdaily  ap0-3 ap3-6 ap6-9 ap9-12 ap12-33 ap33-59
2020  9 23 267 11.00   50.0   55.0   45.0  9.999E-38  1.625E+16  4.359E+15 1.001E-06  262.1   820  1.082E+11  1.943E+14  9.999E-38  9.999E-38   72.9   73.6   10.2    6.0    6.0    4.0    6.0    5.2    1.9
2020  9 23 267 11.00   55.0   55.0   45.0  6.124E+09  8.807E+15  2.362E+15 5.422E-07  251.7   820  5.865E+10  1.053E+14  9.999E-38  9.999E-38   72.9   73.6   10.2    6.0    6.0    4.0    6.0    5.2    1.9
2020  9 23 267 11.00   60.0   55.0   45.0  7.725E+09  4.651E+15  1.247E+15 2.863E-07  241.1   820  3.097E+10  5.559E+13  9.999E-38  9.999E-38   72.9   73.6   10.2    6.0    6.0    4.0    6.0    5.2    1.9
2020  9 23 267 11.00   65.0   55.0   45.0  8.281E+09  2.416E+15  6.479E+14 1.487E-07  226.9   820  1.609E+10  2.887E+13  9.999E-38  9.999E-38   72.9   73.6   10.2    6.0    6.0    4.0    6.0    5.2    1.9
2020  9 23 267 11.00   70.0   55.0   45.0  8.591E+09  1.203E+15  3.226E+14 7.406E-08  212.6   820  8.012E+09  1.438E+13  9.999E-38  9.999E-38   72.9   73.6   10.2    6.0    6.0    4.0    6.0    5.2    1.9
2020  9 23 267 11.00   75.0   55.0   45.0  6.391E+09  5.674E+14  1.521E+14 3.493E-08  200.3   820  3.778E+09  6.781E+12  9.999E-38  9.999E-38   72.9   73.6   10.2    6.0    6.0    4.0    6.0    5.2    1.9
2020  9 23 267 11.00   80.0   55.0   45.0  1.290E+10  2.513E+14  6.739E+13 1.547E-08  193.6   820  1.699E+09  3.004E+12  1.950E+08  9.999E-38   72.9   73.6   10.2    6.0    6.0    4.0    6.0    5.2    1.9
2020  9 23 267 11.00   85.0   55.0   45.0  7.630E+10  1.096E+14  2.940E+13 6.751E-09  183.4   820  7.865E+08  1.310E+12  1.757E+08  9.999E-38   72.9   73.6   10.2    6.0    6.0    4.0    6.0    5.2    1.9
2020  9 23 267 11.00   90.0   55.0   45.0  4.015E+11  4.428E+13  1.181E+13 2.733E-09  181.7   820  3.649E+08  5.228E+11  9.640E+07  9.999E-38   72.9   73.6   10.2    6.0    6.0    4.0    6.0    5.2    1.9
2020  9 23 267 11.00   95.0   55.0   45.0  7.551E+11  1.759E+13  4.604E+12 1.096E-09  186.5   820  1.911E+08  1.992E+11  5.371E+07  9.095E+04   72.9   73.6   10.2    6.0    6.0    4.0    6.0    5.2    1.9
2020  9 23 267 11.00  100.0   55.0   45.0  5.442E+11  7.202E+12  1.795E+12 4.498E-10  191.9   820  1.175E+08  7.332E+10  3.194E+07  1.747E+05   72.9   73.6   10.2    6.0    6.0    4.0    6.0    5.2    1.9
2020  9 23 267 11.00  105.0   55.0   45.0  2.425E+11  2.935E+12  6.764E+11 1.806E-10  207.4   820  8.061E+07  2.504E+10  1.931E+07  3.161E+05   72.9   73.6   10.2    6.0    6.0    4.0    6.0    5.2    1.9
2020  9 23 267 11.00  110.0   55.0   45.0  1.327E+11  1.205E+12  2.530E+11 7.359E-11  245.0   820  5.812E+07  8.400E+09  1.160E+07  5.396E+05   72.9   73.6   10.2    6.0    6.0    4.0    6.0    5.2    1.9
2020  9 23 267 11.00  115.0   55.0   45.0  8.117E+10  5.372E+11  1.024E+11 3.279E-11  304.1   820  4.260E+07  3.069E+09  6.959E+06  8.957E+05   72.9   73.6   10.2    6.0    6.0    4.0    6.0    5.2    1.9
2020  9 23 267 11.00  120.0   55.0   45.0  5.399E+10  2.736E+11  4.756E+10 1.678E-11  370.5   820  3.314E+07  1.297E+09  4.457E+06  1.486E+06   72.9   73.6   10.2    6.0    6.0    4.0    6.0    5.2    1.9
2020  9 23 267 11.00  125.0   55.0   45.0  3.858E+10  1.570E+11  2.502E+10 9.700E-12  433.8   820  2.714E+07  6.247E+08  3.067E+06  2.430E+06   72.9   73.6   10.2    6.0    6.0    4.0    6.0    5.2    1.9
2020  9 23 267 11.00  130.0   55.0   45.0  2.902E+10  9.862E+10  1.451E+10 6.152E-12  488.9   820  2.324E+07  3.347E+08  2.234E+06  3.836E+06   72.9   73.6   10.2    6.0    6.0    4.0    6.0    5.2    1.9
2020  9 23 267 11.00  135.0   55.0   45.0  2.263E+10  6.596E+10  9.014E+09 4.161E-12  536.0   820  2.053E+07  1.930E+08  1.699E+06  5.787E+06   72.9   73.6   10.2    6.0    6.0    4.0    6.0    5.2    1.9
2020  9 23 267 11.00  140.0   55.0   45.0  1.813E+10  4.612E+10  5.881E+09 2.948E-12  576.4   820  1.855E+07  1.174E+08  1.336E+06  8.339E+06   72.9   73.6   10.2    6.0    6.0    4.0    6.0    5.2    1.9
2020  9 23 267 11.00  145.0   55.0   45.0  1.485E+10  3.333E+10  3.985E+09 2.162E-12  611.0   820  1.703E+07  7.427E+07  1.077E+06  1.149E+07   72.9   73.6   10.2    6.0    6.0    4.0    6.0    5.2    1.9
2020  9 23 267 11.00  150.0   55.0   45.0  1.235E+10  2.470E+10  2.781E+09 1.628E-12  640.6   820  1.582E+07  4.856E+07  8.883E+05  1.512E+07   72.9   73.6   10.2    6.0    6.0    4.0    6.0    5.2    1.9
2020  9 23 267 11.00  155.0   55.0   45.0  1.039E+10  1.867E+10  1.987E+09 1.253E-12  666.0   820  1.484E+07  3.259E+07  7.465E+05  1.902E+07   72.9   73.6   10.2    6.0    6.0    4.0    6.0    5.2    1.9
2020  9 23 267 11.00  160.0   55.0   45.0  8.834E+09  1.432E+10  1.447E+09 9.801E-13  687.8   820  1.402E+07  2.234E+07  6.383E+05  2.292E+07   72.9   73.6   10.2    6.0    6.0    4.0    6.0    5.2    1.9
2020  9 23 267 11.00  165.0   55.0   45.0  7.574E+09  1.113E+10  1.071E+09 7.777E-13  706.5   820  1.332E+07  1.558E+07  5.547E+05  2.653E+07   72.9   73.6   10.2    6.0    6.0    4.0    6.0    5.2    1.9
2020  9 23 267 11.00  170.0   55.0   45.0  6.540E+09  8.738E+09  8.033E+08 6.244E-13  722.5   820  1.271E+07  1.102E+07  4.894E+05  2.959E+07   72.9   73.6   10.2    6.0    6.0    4.0    6.0    5.2    1.9
2020  9 23 267 11.00  175.0   55.0   45.0  5.680E+09  6.917E+09  6.094E+08 5.064E-13  736.2   820  1.217E+07  7.892E+06  4.380E+05  3.190E+07   72.9   73.6   10.2    6.0    6.0    4.0    6.0    5.2    1.9
2020  9 23 267 11.00  180.0   55.0   45.0  4.958E+09  5.514E+09  4.667E+08 4.143E-13  748.0   820  1.169E+07  5.708E+06  3.971E+05  3.339E+07   72.9   73.6   10.2    6.0    6.0    4.0    6.0    5.2    1.9
2020  9 23 267 11.00  185.0   55.0   45.0  4.347E+09  4.421E+09  3.603E+08 3.414E-13  758.1   820  1.125E+07  4.164E+06  3.643E+05  3.406E+07   72.9   73.6   10.2    6.0    6.0    4.0    6.0    5.2    1.9
2020  9 23 267 11.00  190.0   55.0   45.0  3.824E+09  3.562E+09  2.800E+08 2.833E-13  766.8   820  1.084E+07  3.060E+06  3.378E+05  3.399E+07   72.9   73.6   10.2    6.0    6.0    4.0    6.0    5.2    1.9
2020  9 23 267 11.00  195.0   55.0   45.0  3.375E+09  2.882E+09  2.189E+08 2.364E-13  774.2   820  1.047E+07  2.262E+06  3.163E+05  3.331E+07   72.9   73.6   10.2    6.0    6.0    4.0    6.0    5.2    1.9
2020  9 23 267 11.00  200.0   55.0   45.0  2.986E+09  2.340E+09  1.720E+08 1.983E-13  780.6   820  1.012E+07  1.681E+06  2.988E+05  3.216E+07   72.9   73.6   10.2    6.0    6.0    4.0    6.0    5.2    1.9
2020  9 23 267 11.00  205.0   55.0   45.0  2.648E+09  1.906E+09  1.357E+08 1.671E-13  786.1   820  9.798E+06  1.255E+06  2.843E+05  3.067E+07   72.9   73.6   10.2    6.0    6.0    4.0    6.0    5.2    1.9
2020  9 23 267 11.00  210.0   55.0   45.0  2.352E+09  1.557E+09  1.074E+08 1.414E-13  790.8   820  9.491E+06  9.404E+05  2.723E+05  2.896E+07   72.9   73.6   10.2    6.0    6.0    4.0    6.0    5.2    1.9
2020  9 23 267 11.00  215.0   55.0   45.0  2.093E+09  1.274E+09  8.531E+07 1.201E-13  794.9   820  9.200E+06  7.070E+05  2.622E+05  2.713E+07   72.9   73.6   10.2    6.0    6.0    4.0    6.0    5.2    1.9
2020  9 23 267 11.00  220.0   55.0   45.0  1.866E+09  1.045E+09  6.792E+07 1.024E-13  798.3   820  8.924E+06  5.330E+05  2.537E+05  2.526E+07   72.9   73.6   10.2    6.0    6.0    4.0    6.0    5.2    1.9
2020  9 23 267 11.00  225.0   55.0   45.0  1.665E+09  8.580E+08  5.420E+07 8.765E-14  801.3   820  8.660E+06  4.028E+05  2.466E+05  2.340E+07   72.9   73.6   10.2    6.0    6.0    4.0    6.0    5.2    1.9
2020  9 23 267 11.00  230.0   55.0   45.0  1.487E+09  7.059E+08  4.333E+07 7.522E-14  803.9   820  8.408E+06  3.051E+05  2.404E+05  2.159E+07   72.9   73.6   10.2    6.0    6.0    4.0    6.0    5.2    1.9
2020  9 23 267 11.00  235.0   55.0   45.0  1.329E+09  5.814E+08  3.471E+07 6.474E-14  806.1   820  8.167E+06  2.315E+05  2.351E+05  1.986E+07   72.9   73.6   10.2    6.0    6.0    4.0    6.0    5.2    1.9
2020  9 23 267 11.00  240.0   55.0   45.0  1.190E+09  4.795E+08  2.784E+07 5.588E-14  808.0   820  7.935E+06  1.759E+05  2.305E+05  1.823E+07   72.9   73.6   10.2    6.0    6.0    4.0    6.0    5.2    1.9
2020  9 23 267 11.00  245.0   55.0   45.0  1.065E+09  3.959E+08  2.235E+07 4.836E-14  809.7   820  7.712E+06  1.339E+05  2.265E+05  1.671E+07   72.9   73.6   10.2    6.0    6.0    4.0    6.0    5.2    1.9
2020  9 23 267 11.00  250.0   55.0   45.0  9.547E+08  3.271E+08  1.797E+07 4.195E-14  811.1   820  7.498E+06  1.021E+05  2.230E+05  1.529E+07   72.9   73.6   10.2    6.0    6.0    4.0    6.0    5.2    1.9
2020  9 23 267 11.00  255.0   55.0   45.0  8.560E+08  2.705E+08  1.447E+07 3.647E-14  812.3   820  7.291E+06  7.787E+04  2.198E+05  1.397E+07   72.9   73.6   10.2    6.0    6.0    4.0    6.0    5.2    1.9
2020  9 23 267 11.00  260.0   55.0   45.0  7.679E+08  2.239E+08  1.165E+07 3.178E-14  813.4   820  7.092E+06  5.948E+04  2.169E+05  1.276E+07   72.9   73.6   10.2    6.0    6.0    4.0    6.0    5.2    1.9
2020  9 23 267 11.00  265.0   55.0   45.0  6.892E+08  1.854E+08  9.395E+06 2.775E-14  814.3   820  6.899E+06  4.547E+04  2.143E+05  1.165E+07   72.9   73.6   10.2    6.0    6.0    4.0    6.0    5.2    1.9
2020  9 23 267 11.00  270.0   55.0   45.0  6.188E+08  1.537E+08  7.580E+06 2.429E-14  815.0   820  6.713E+06  3.480E+04  2.119E+05  1.063E+07   72.9   73.6   10.2    6.0    6.0    4.0    6.0    5.2    1.9
2020  9 23 267 11.00  275.0   55.0   45.0  5.558E+08  1.274E+08  6.120E+06 2.129E-14  815.7   820  6.532E+06  2.665E+04  2.097E+05  9.702E+06   72.9   73.6   10.2    6.0    6.0    4.0    6.0    5.2    1.9
2020  9 23 267 11.00  280.0   55.0   45.0  4.994E+08  1.057E+08  4.944E+06 1.870E-14  816.3   820  6.358E+06  2.042E+04  2.077E+05  8.851E+06   72.9   73.6   10.2    6.0    6.0    4.0    6.0    5.2    1.9
2020  9 23 267 11.00  285.0   55.0   45.0  4.489E+08  8.775E+07  3.997E+06 1.645E-14  816.8   820  6.189E+06  1.566E+04  2.058E+05  8.073E+06   72.9   73.6   10.2    6.0    6.0    4.0    6.0    5.2    1.9
2020  9 23 267 11.00  290.0   55.0   45.0  4.036E+08  7.287E+07  3.232E+06 1.450E-14  817.2   820  6.025E+06  1.202E+04  2.040E+05  7.364E+06   72.9   73.6   10.2    6.0    6.0    4.0    6.0    5.2    1.9
2020  9 23 267 11.00  295.0   55.0   45.0  3.630E+08  6.054E+07  2.616E+06 1.280E-14  817.6   820  5.866E+06  9.228E+03  2.022E+05  6.716E+06   72.9   73.6   10.2    6.0    6.0    4.0    6.0    5.2    1.9
2020  9 23 267 11.00  300.0   55.0   45.0  3.266E+08  5.032E+07  2.118E+06 1.131E-14  817.9   820  5.711E+06  7.090E+03  2.006E+05  6.127E+06   72.9   73.6   10.2    6.0    6.0    4.0    6.0    5.2    1.9
2020  9 23 267 11.00  305.0   55.0   45.0  2.939E+08  4.184E+07  1.715E+06 1.001E-14  818.2   820  5.562E+06  5.450E+03  1.990E+05  5.589E+06   72.9   73.6   10.2    6.0    6.0    4.0    6.0    5.2    1.9
2020  9 23 267 11.00  310.0   55.0   45.0  2.645E+08  3.480E+07  1.390E+06 8.875E-15  818.4   820  5.416E+06  4.192E+03  1.975E+05  5.099E+06   72.9   73.6   10.2    6.0    6.0    4.0    6.0    5.2    1.9
2020  9 23 267 11.00  315.0   55.0   45.0  2.381E+08  2.896E+07  1.127E+06 7.877E-15  818.6   820  5.275E+06  3.226E+03  1.960E+05  4.652E+06   72.9   73.6   10.2    6.0    6.0    4.0    6.0    5.2    1.9
2020  9 23 267 11.00  320.0   55.0   45.0  2.144E+08  2.411E+07  9.137E+05 7.000E-15  818.8   820  5.138E+06  2.483E+03  1.946E+05  4.245E+06   72.9   73.6   10.2    6.0    6.0    4.0    6.0    5.2    1.9
2020  9 23 267 11.00  325.0   55.0   45.0  1.931E+08  2.007E+07  7.413E+05 6.228E-15  818.9   820  5.005E+06  1.913E+03  1.932E+05  3.875E+06   72.9   73.6   10.2    6.0    6.0    4.0    6.0    5.2    1.9
2020  9 23 267 11.00  330.0   55.0   45.0  1.740E+08  1.672E+07  6.016E+05 5.547E-15  819.1   820  4.875E+06  1.474E+03  1.918E+05  3.537E+06   72.9   73.6   10.2    6.0    6.0    4.0    6.0    5.2    1.9
2020  9 23 267 11.00  335.0   55.0   45.0  1.567E+08  1.393E+07  4.884E+05 4.945E-15  819.2   820  4.749E+06  1.136E+03  1.905E+05  3.229E+06   72.9   73.6   10.2    6.0    6.0    4.0    6.0    5.2    1.9
2020  9 23 267 11.00  340.0   55.0   45.0  1.412E+08  1.161E+07  3.967E+05 4.414E-15  819.3   820  4.627E+06  8.765E+02  1.892E+05  2.948E+06   72.9   73.6   10.2    6.0    6.0    4.0    6.0    5.2    1.9
2020  9 23 267 11.00  345.0   55.0   45.0  1.273E+08  9.682E+06  3.223E+05 3.943E-15  819.4   820  4.508E+06  6.764E+02  1.879E+05  2.692E+06   72.9   73.6   10.2    6.0    6.0    4.0    6.0    5.2    1.9
2020  9 23 267 11.00  350.0   55.0   45.0  1.148E+08  8.075E+06  2.620E+05 3.525E-15  819.5   820  4.393E+06  5.221E+02  1.866E+05  2.458E+06   72.9   73.6   10.2    6.0    6.0    4.0    6.0    5.2    1.9
2020  9 23 267 11.00  355.0   55.0   45.0  1.035E+08  6.737E+06  2.130E+05 3.155E-15  819.5   820  4.280E+06  4.032E+02  1.854E+05  2.245E+06   72.9   73.6   10.2    6.0    6.0    4.0    6.0    5.2    1.9
2020  9 23 267 11.00  360.0   55.0   45.0  9.332E+07  5.622E+06  1.732E+05 2.826E-15  819.6   820  4.171E+06  3.115E+02  1.842E+05  2.051E+06   72.9   73.6   10.2    6.0    6.0    4.0    6.0    5.2    1.9
2020  9 23 267 11.00  365.0   55.0   45.0  8.417E+07  4.693E+06  1.409E+05 2.533E-15  819.6   820  4.064E+06  2.408E+02  1.830E+05  1.874E+06   72.9   73.6   10.2    6.0    6.0    4.0    6.0    5.2    1.9
2020  9 23 267 11.00  370.0   55.0   45.0  7.593E+07  3.918E+06  1.147E+05 2.272E-15  819.7   820  3.961E+06  1.862E+02  1.818E+05  1.712E+06   72.9   73.6   10.2    6.0    6.0    4.0    6.0    5.2    1.9
2020  9 23 267 11.00  375.0   55.0   45.0  6.851E+07  3.273E+06  9.337E+04 2.040E-15  819.7   820  3.860E+06  1.440E+02  1.806E+05  1.565E+06   72.9   73.6   10.2    6.0    6.0    4.0    6.0    5.2    1.9
2020  9 23 267 11.00  380.0   55.0   45.0  6.182E+07  2.734E+06  7.603E+04 1.832E-15  819.7   820  3.762E+06  1.115E+02  1.794E+05  1.430E+06   72.9   73.6   10.2    6.0    6.0    4.0    6.0    5.2    1.9
2020  9 23 267 11.00  385.0   55.0   45.0  5.580E+07  2.285E+06  6.194E+04 1.647E-15  819.8   820  3.667E+06  8.629E+01  1.782E+05  1.308E+06   72.9   73.6   10.2    6.0    6.0    4.0    6.0    5.2    1.9
2020  9 23 267 11.00  390.0   55.0   45.0  5.037E+07  1.910E+06  5.047E+04 1.482E-15  819.8   820  3.574E+06  6.683E+01  1.771E+05  1.196E+06   72.9   73.6   10.2    6.0    6.0    4.0    6.0    5.2    1.9
2020  9 23 267 11.00  395.0   55.0   45.0  4.547E+07  1.597E+06  4.114E+04 1.333E-15  819.8   820  3.484E+06  5.178E+01  1.759E+05  1.093E+06   72.9   73.6   10.2    6.0    6.0    4.0    6.0    5.2    1.9
2020  9 23 267 11.00  400.0   55.0   45.0  4.106E+07  1.336E+06  3.354E+04 1.201E-15  819.8   820  3.396E+06  4.013E+01  1.748E+05  9.998E+05   72.9   73.6   10.2    6.0    6.0    4.0    6.0    5.2    1.9
