Year Mon Day DOY hour Heit(km) Lat  Lon Oden(cm-3) N2den(cm-3) O2den(cm-3) air(gm/cm3) T(K) exoT(K) Heden(cm-3)Arden(cm-3) Hden(cm-3) Nden(cm-3) F107 F107a apdaily  ap0-3 ap3-6 ap6-9 ap9-12 ap12-33 ap33-59
2020  1  1   1 12.00   50.0   55.0   45.0  9.999E-38  1.305E+16  3.499E+15 8.031E-07  259.3   711  8.688E+10  1.559E+14  9.999E-38  9.999E-38   68.2   69.2    2.5    3.0    3.0    0.0    0.0    2.8    1.9
2020  1  1   1 12.00   51.0   55.0   45.0  4.063E+09  1.148E+16  3.079E+15 7.068E-07  258.8   711  7.646E+10  1.372E+14  9.999E-38  9.999E-38   68.2   69.2    2.5    3.0    3.0    0.0    0.0    2.8    1.9
2020  1  1   1 12.00   52.0   55.0   45.0  4.565E+09  1.010E+16  2.709E+15 6.219E-07  258.2   711  6.728E+10  1.207E+14  9.999E-38  9.999E-38   68.2   69.2    2.5    3.0    3.0    0.0    0.0    2.8    1.9
2020  1  1   1 12.00   53.0   55.0   45.0  5.003E+09  8.892E+15  2.384E+15 5.474E-07  257.5   711  5.921E+10  1.063E+14  9.999E-38  9.999E-38   68.2   69.2    2.5    3.0    3.0    0.0    0.0    2.8    1.9
2020  1  1   1 12.00   54.0   55.0   45.0  5.391E+09  7.830E+15  2.100E+15 4.820E-07  256.5   711  5.214E+10  9.357E+13  9.999E-38  9.999E-38   68.2   69.2    2.5    3.0    3.0    0.0    0.0    2.8    1.9
2020  1  1   1 12.00   55.0   55.0   45.0  5.761E+09  6.900E+15  1.850E+15 4.247E-07  255.3   711  4.595E+10  8.246E+13  9.999E-38  9.999E-38   68.2   69.2    2.5    3.0    3.0    0.0    0.0    2.8    1.9
2020  1  1   1 12.00   56.0   55.0   45.0  6.155E+09  6.086E+15  1.632E+15 3.746E-07  253.6   711  4.053E+10  7.273E+13  9.999E-38  9.999E-38   68.2   69.2    2.5    3.0    3.0    0.0    0.0    2.8    1.9
2020  1  1   1 12.00   57.0   55.0   45.0  6.595E+09  5.371E+15  1.440E+15 3.307E-07  251.6   711  3.577E+10  6.419E+13  9.999E-38  9.999E-38   68.2   69.2    2.5    3.0    3.0    0.0    0.0    2.8    1.9
2020  1  1   1 12.00   58.0   55.0   45.0  7.075E+09  4.741E+15  1.271E+15 2.918E-07  249.3   711  3.157E+10  5.666E+13  9.999E-38  9.999E-38   68.2   69.2    2.5    3.0    3.0    0.0    0.0    2.8    1.9
2020  1  1   1 12.00   59.0   55.0   45.0  7.587E+09  4.182E+15  1.121E+15 2.575E-07  246.8   711  2.785E+10  4.998E+13  9.999E-38  9.999E-38   68.2   69.2    2.5    3.0    3.0    0.0    0.0    2.8    1.9
2020  1  1   1 12.00   60.0   55.0   45.0  8.122E+09  3.685E+15  9.883E+14 2.269E-07  244.3   711  2.454E+10  4.404E+13  9.999E-38  9.999E-38   68.2   69.2    2.5    3.0    3.0    0.0    0.0    2.8    1.9
2020  1  1   1 12.00   61.0   55.0   45.0  8.666E+09  3.243E+15  8.696E+14 1.996E-07  241.8   711  2.160E+10  3.876E+13  9.999E-38  9.999E-38   68.2   69.2    2.5    3.0    3.0    0.0    0.0    2.8    1.9
2020  1  1   1 12.00   62.0   55.0   45.0  9.207E+09  2.849E+15  7.640E+14 1.754E-07  239.4   711  1.897E+10  3.405E+13  9.999E-38  9.999E-38   68.2   69.2    2.5    3.0    3.0    0.0    0.0    2.8    1.9
2020  1  1   1 12.00   63.0   55.0   45.0  9.739E+09  2.499E+15  6.701E+14 1.538E-07  237.1   711  1.664E+10  2.987E+13  9.999E-38  9.999E-38   68.2   69.2    2.5    3.0    3.0    0.0    0.0    2.8    1.9
2020  1  1   1 12.00   64.0   55.0   45.0  1.025E+10  2.189E+15  5.870E+14 1.348E-07  234.9   711  1.458E+10  2.616E+13  9.999E-38  9.999E-38   68.2   69.2    2.5    3.0    3.0    0.0    0.0    2.8    1.9
2020  1  1   1 12.00   65.0   55.0   45.0  1.075E+10  1.915E+15  5.135E+14 1.179E-07  232.6   711  1.275E+10  2.289E+13  9.999E-38  9.999E-38   68.2   69.2    2.5    3.0    3.0    0.0    0.0    2.8    1.9
2020  1  1   1 12.00   66.0   55.0   45.0  1.121E+10  1.673E+15  4.486E+14 1.030E-07  230.4   711  1.114E+10  1.999E+13  9.999E-38  9.999E-38   68.2   69.2    2.5    3.0    3.0    0.0    0.0    2.8    1.9
2020  1  1   1 12.00   67.0   55.0   45.0  1.162E+10  1.460E+15  3.914E+14 8.986E-08  228.2   711  9.721E+09  1.745E+13  9.999E-38  9.999E-38   68.2   69.2    2.5    3.0    3.0    0.0    0.0    2.8    1.9
2020  1  1   1 12.00   68.0   55.0   45.0  1.194E+10  1.272E+15  3.411E+14 7.830E-08  225.9   711  8.471E+09  1.520E+13  9.999E-38  9.999E-38   68.2   69.2    2.5    3.0    3.0    0.0    0.0    2.8    1.9
2020  1  1   1 12.00   69.0   55.0   45.0  1.212E+10  1.107E+15  2.968E+14 6.813E-08  223.8   711  7.370E+09  1.323E+13  9.999E-38  9.999E-38   68.2   69.2    2.5    3.0    3.0    0.0    0.0    2.8    1.9
2020  1  1   1 12.00   70.0   55.0   45.0  1.213E+10  9.616E+14  2.578E+14 5.919E-08  221.6   711  6.403E+09  1.149E+13  9.999E-38  9.999E-38   68.2   69.2    2.5    3.0    3.0    0.0    0.0    2.8    1.9
2020  1  1   1 12.00   71.0   55.0   45.0  1.192E+10  8.341E+14  2.237E+14 5.135E-08  219.5   711  5.555E+09  9.968E+12  9.999E-38  9.999E-38   68.2   69.2    2.5    3.0    3.0    0.0    0.0    2.8    1.9
2020  1  1   1 12.00   72.0   55.0   45.0  1.156E+10  7.223E+14  1.937E+14 4.446E-08  217.5   711  4.810E+09  8.632E+12  9.999E-38  9.999E-38   68.2   69.2    2.5    3.0    3.0    0.0    0.0    2.8    1.9
2020  1  1   1 12.00   73.0   55.0   45.0  1.126E+10  6.243E+14  1.674E+14 3.843E-08  215.7   711  4.157E+09  7.461E+12  9.999E-38  9.999E-38   68.2   69.2    2.5    3.0    3.0    0.0    0.0    2.8    1.9
2020  1  1   1 12.00   74.0   55.0   45.0  1.121E+10  5.384E+14  1.444E+14 3.314E-08  214.1   711  3.586E+09  6.435E+12  9.999E-38  9.999E-38   68.2   69.2    2.5    3.0    3.0    0.0    0.0    2.8    1.9
2020  1  1   1 12.00   75.0   55.0   45.0  1.162E+10  4.633E+14  1.242E+14 2.852E-08  212.7   711  3.085E+09  5.537E+12  9.999E-38  9.999E-38   68.2   69.2    2.5    3.0    3.0    0.0    0.0    2.8    1.9
2020  1  1   1 12.00   76.0   55.0   45.0  1.278E+10  3.977E+14  1.066E+14 2.448E-08  211.7   711  2.649E+09  4.753E+12  8.904E+07  9.999E-38   68.2   69.2    2.5    3.0    3.0    0.0    0.0    2.8    1.9
2020  1  1   1 12.00   77.0   55.0   45.0  1.506E+10  3.407E+14  9.135E+13 2.097E-08  211.1   711  2.271E+09  4.071E+12  1.096E+08  9.999E-38   68.2   69.2    2.5    3.0    3.0    0.0    0.0    2.8    1.9
2020  1  1   1 12.00   78.0   55.0   45.0  1.893E+10  2.914E+14  7.815E+13 1.794E-08  210.6   711  1.948E+09  3.483E+12  1.219E+08  9.999E-38   68.2   69.2    2.5    3.0    3.0    0.0    0.0    2.8    1.9
2020  1  1   1 12.00   79.0   55.0   45.0  2.516E+10  2.492E+14  6.682E+13 1.534E-08  210.2   711  1.673E+09  2.978E+12  1.262E+08  9.999E-38   68.2   69.2    2.5    3.0    3.0    0.0    0.0    2.8    1.9
2020  1  1   1 12.00   80.0   55.0   45.0  3.507E+10  2.131E+14  5.715E+13 1.312E-08  209.7   711  1.439E+09  2.547E+12  1.243E+08  9.999E-38   68.2   69.2    2.5    3.0    3.0    0.0    0.0    2.8    1.9
2020  1  1   1 12.00   81.0   55.0   45.0  5.084E+10  1.824E+14  4.891E+13 1.123E-08  208.9   711  1.241E+09  2.180E+12  1.182E+08  9.999E-38   68.2   69.2    2.5    3.0    3.0    0.0    0.0    2.8    1.9
2020  1  1   1 12.00   82.0   55.0   45.0  7.574E+10  1.563E+14  4.191E+13 9.622E-09  207.8   711  1.073E+09  1.868E+12  1.098E+08  9.999E-38   68.2   69.2    2.5    3.0    3.0    0.0    0.0    2.8    1.9
2020  1  1   1 12.00   83.0   55.0   45.0  1.130E+11  1.339E+14  3.591E+13 8.247E-09  206.4   711  9.296E+08  1.601E+12  1.002E+08  9.999E-38   68.2   69.2    2.5    3.0    3.0    0.0    0.0    2.8    1.9
2020  1  1   1 12.00   84.0   55.0   45.0  1.641E+11  1.147E+14  3.076E+13 7.065E-09  205.0   711  8.063E+08  1.371E+12  9.026E+07  9.999E-38   68.2   69.2    2.5    3.0    3.0    0.0    0.0    2.8    1.9
2020  1  1   1 12.00   85.0   55.0   45.0  2.256E+11  9.812E+13  2.631E+13 6.046E-09  203.6   711  6.998E+08  1.173E+12  8.059E+07  9.999E-38   68.2   69.2    2.5    3.0    3.0    0.0    0.0    2.8    1.9
2020  1  1   1 12.00   86.0   55.0   45.0  2.852E+11  8.378E+13  2.246E+13 5.165E-09  202.4   711  6.074E+08  1.001E+12  7.158E+07  9.999E-38   68.2   69.2    2.5    3.0    3.0    0.0    0.0    2.8    1.9
2020  1  1   1 12.00   87.0   55.0   45.0  3.350E+11  7.139E+13  1.913E+13 4.403E-09  201.4   711  5.280E+08  8.518E+11  6.352E+07  9.999E-38   68.2   69.2    2.5    3.0    3.0    0.0    0.0    2.8    1.9
2020  1  1   1 12.00   88.0   55.0   45.0  3.815E+11  6.073E+13  1.626E+13 3.747E-09  200.6   711  4.608E+08  7.230E+11  5.643E+07  9.999E-38   68.2   69.2    2.5    3.0    3.0    0.0    0.0    2.8    1.9
2020  1  1   1 12.00   89.0   55.0   45.0  4.227E+11  5.161E+13  1.380E+13 3.186E-09  200.0   711  4.040E+08  6.126E+11  5.025E+07  9.999E-38   68.2   69.2    2.5    3.0    3.0    0.0    0.0    2.8    1.9
2020  1  1   1 12.00   90.0   55.0   45.0  4.571E+11  4.384E+13  1.171E+13 2.708E-09  199.3   711  3.562E+08  5.183E+11  4.492E+07  9.999E-38   68.2   69.2    2.5    3.0    3.0    0.0    0.0    2.8    1.9
2020  1  1   1 12.00   91.0   55.0   45.0  4.839E+11  3.724E+13  9.927E+12 2.302E-09  198.5   711  3.159E+08  4.381E+11  4.033E+07  9.999E-38   68.2   69.2    2.5    3.0    3.0    0.0    0.0    2.8    1.9
2020  1  1   1 12.00   92.0   55.0   45.0  5.027E+11  3.165E+13  8.417E+12 1.957E-09  197.5   711  2.821E+08  3.701E+11  3.640E+07  3.497E+04   68.2   69.2    2.5    3.0    3.0    0.0    0.0    2.8    1.9
2020  1  1   1 12.00   93.0   55.0   45.0  5.138E+11  2.691E+13  7.138E+12 1.665E-09  196.2   711  2.536E+08  3.125E+11  3.303E+07  4.216E+04   68.2   69.2    2.5    3.0    3.0    0.0    0.0    2.8    1.9
2020  1  1   1 12.00   94.0   55.0   45.0  5.176E+11  2.290E+13  6.055E+12 1.418E-09  194.6   711  2.297E+08  2.637E+11  3.017E+07  5.026E+04   68.2   69.2    2.5    3.0    3.0    0.0    0.0    2.8    1.9
2020  1  1   1 12.00   95.0   55.0   45.0  5.150E+11  1.949E+13  5.134E+12 1.208E-09  192.5   711  2.096E+08  2.223E+11  2.768E+07  5.933E+04   68.2   69.2    2.5    3.0    3.0    0.0    0.0    2.8    1.9
2020  1  1   1 12.00   96.0   55.0   45.0  5.073E+11  1.658E+13  4.345E+12 1.028E-09  190.3   711  1.925E+08  1.866E+11  2.547E+07  6.951E+04   68.2   69.2    2.5    3.0    3.0    0.0    0.0    2.8    1.9
2020  1  1   1 12.00   97.0   55.0   45.0  4.952E+11  1.408E+13  3.666E+12 8.732E-10  188.1   711  1.777E+08  1.559E+11  2.349E+07  8.086E+04   68.2   69.2    2.5    3.0    3.0    0.0    0.0    2.8    1.9
2020  1  1   1 12.00   98.0   55.0   45.0  4.792E+11  1.192E+13  3.081E+12 7.396E-10  186.0   711  1.649E+08  1.294E+11  2.169E+07  9.346E+04   68.2   69.2    2.5    3.0    3.0    0.0    0.0    2.8    1.9
2020  1  1   1 12.00   99.0   55.0   45.0  4.600E+11  1.006E+13  2.577E+12 6.244E-10  184.3   711  1.536E+08  1.067E+11  2.003E+07  1.074E+05   68.2   69.2    2.5    3.0    3.0    0.0    0.0    2.8    1.9
2020  1  1   1 12.00  100.0   55.0   45.0  4.380E+11  8.463E+12  2.145E+12 5.250E-10  183.1   711  1.436E+08  8.730E+10  1.851E+07  1.226E+05   68.2   69.2    2.5    3.0    3.0    0.0    0.0    2.8    1.9
2020  1  1   1 12.00  101.0   55.0   45.0  4.135E+11  7.087E+12  1.775E+12 4.397E-10  182.5   711  1.347E+08  7.089E+10  1.709E+07  1.393E+05   68.2   69.2    2.5    3.0    3.0    0.0    0.0    2.8    1.9
2020  1  1   1 12.00  102.0   55.0   45.0  3.871E+11  5.910E+12  1.460E+12 3.666E-10  182.6   711  1.266E+08  5.712E+10  1.577E+07  1.575E+05   68.2   69.2    2.5    3.0    3.0    0.0    0.0    2.8    1.9
2020  1  1   1 12.00  103.0   55.0   45.0  3.591E+11  4.909E+12  1.195E+12 3.044E-10  183.7   711  1.191E+08  4.567E+10  1.453E+07  1.773E+05   68.2   69.2    2.5    3.0    3.0    0.0    0.0    2.8    1.9
2020  1  1   1 12.00  104.0   55.0   45.0  3.301E+11  4.061E+12  9.720E+11 2.517E-10  185.9   711  1.122E+08  3.625E+10  1.336E+07  1.986E+05   68.2   69.2    2.5    3.0    3.0    0.0    0.0    2.8    1.9
2020  1  1   1 12.00  105.0   55.0   45.0  3.004E+11  3.346E+12  7.868E+11 2.073E-10  189.4   711  1.058E+08  2.861E+10  1.226E+07  2.209E+05   68.2   69.2    2.5    3.0    3.0    0.0    0.0    2.8    1.9
2020  1  1   1 12.00  106.0   55.0   45.0  2.711E+11  2.751E+12  6.348E+11 1.704E-10  194.4   711  9.970E+07  2.250E+10  1.122E+07  2.445E+05   68.2   69.2    2.5    3.0    3.0    0.0    0.0    2.8    1.9
2020  1  1   1 12.00  107.0   55.0   45.0  2.430E+11  2.259E+12  5.113E+11 1.399E-10  200.7   711  9.405E+07  1.766E+10  1.027E+07  2.694E+05   68.2   69.2    2.5    3.0    3.0    0.0    0.0    2.8    1.9
2020  1  1   1 12.00  108.0   55.0   45.0  2.168E+11  1.856E+12  4.117E+11 1.149E-10  208.3   711  8.859E+07  1.385E+10  9.369E+06  2.958E+05   68.2   69.2    2.5    3.0    3.0    0.0    0.0    2.8    1.9
2020  1  1   1 12.00  109.0   55.0   45.0  1.927E+11  1.527E+12  3.318E+11 9.450E-11  217.4   711  8.330E+07  1.089E+10  8.524E+06  3.240E+05   68.2   69.2    2.5    3.0    3.0    0.0    0.0    2.8    1.9
2020  1  1   1 12.00  110.0   55.0   45.0  1.710E+11  1.259E+12  2.681E+11 7.794E-11  227.8   711  7.823E+07  8.575E+09  7.738E+06  3.541E+05   68.2   69.2    2.5    3.0    3.0    0.0    0.0    2.8    1.9
2020  1  1   1 12.00  111.0   55.0   45.0  1.516E+11  1.042E+12  2.174E+11 6.451E-11  239.5   711  7.343E+07  6.782E+09  7.014E+06  3.865E+05   68.2   69.2    2.5    3.0    3.0    0.0    0.0    2.8    1.9
2020  1  1   1 12.00  112.0   55.0   45.0  1.345E+11  8.665E+11  1.771E+11 5.364E-11  252.5   711  6.893E+07  5.391E+09  6.355E+06  4.216E+05   68.2   69.2    2.5    3.0    3.0    0.0    0.0    2.8    1.9
2020  1  1   1 12.00  113.0   55.0   45.0  1.195E+11  7.244E+11  1.450E+11 4.487E-11  266.6   711  6.478E+07  4.312E+09  5.761E+06  4.600E+05   68.2   69.2    2.5    3.0    3.0    0.0    0.0    2.8    1.9
2020  1  1   1 12.00  114.0   55.0   45.0  1.066E+11  6.097E+11  1.196E+11 3.778E-11  281.5   711  6.103E+07  3.476E+09  5.233E+06  5.023E+05   68.2   69.2    2.5    3.0    3.0    0.0    0.0    2.8    1.9
2020  1  1   1 12.00  115.0   55.0   45.0  9.554E+10  5.174E+11  9.951E+10 3.208E-11  296.6   711  5.772E+07  2.826E+09  4.772E+06  5.498E+05   68.2   69.2    2.5    3.0    3.0    0.0    0.0    2.8    1.9
2020  1  1   1 12.00  116.0   55.0   45.0  8.611E+10  4.427E+11  8.349E+10 2.747E-11  311.7   711  5.484E+07  2.319E+09  4.371E+06  6.034E+05   68.2   69.2    2.5    3.0    3.0    0.0    0.0    2.8    1.9
2020  1  1   1 12.00  117.0   55.0   45.0  7.804E+10  3.819E+11  7.062E+10 2.372E-11  326.6   711  5.234E+07  1.920E+09  4.023E+06  6.637E+05   68.2   69.2    2.5    3.0    3.0    0.0    0.0    2.8    1.9
2020  1  1   1 12.00  118.0   55.0   45.0  7.111E+10  3.320E+11  6.021E+10 2.064E-11  341.1   711  5.016E+07  1.603E+09  3.720E+06  7.314E+05   68.2   69.2    2.5    3.0    3.0    0.0    0.0    2.8    1.9
2020  1  1   1 12.00  119.0   55.0   45.0  6.512E+10  2.906E+11  5.171E+10 1.809E-11  355.2   711  4.824E+07  1.348E+09  3.456E+06  8.072E+05   68.2   69.2    2.5    3.0    3.0    0.0    0.0    2.8    1.9
2020  1  1   1 12.00  120.0   55.0   45.0  5.993E+10  2.561E+11  4.472E+10 1.596E-11  368.7   711  4.654E+07  1.142E+09  3.224E+06  8.919E+05   68.2   69.2    2.5    3.0    3.0    0.0    0.0    2.8    1.9
2020  1  1   1 12.00  121.0   55.0   45.0  5.541E+10  2.271E+11  3.892E+10 1.417E-11  381.7   711  4.504E+07  9.743E+08  3.021E+06  9.862E+05   68.2   69.2    2.5    3.0    3.0    0.0    0.0    2.8    1.9
2020  1  1   1 12.00  122.0   55.0   45.0  5.144E+10  2.025E+11  3.407E+10 1.265E-11  394.0   711  4.372E+07  8.359E+08  2.840E+06  1.091E+06   68.2   69.2    2.5    3.0    3.0    0.0    0.0    2.8    1.9
2020  1  1   1 12.00  123.0   55.0   45.0  4.795E+10  1.815E+11  2.999E+10 1.136E-11  405.6   711  4.255E+07  7.212E+08  2.678E+06  1.207E+06   68.2   69.2    2.5    3.0    3.0    0.0    0.0    2.8    1.9
2020  1  1   1 12.00  124.0   55.0   45.0  4.484E+10  1.634E+11  2.652E+10 1.024E-11  416.7   711  4.150E+07  6.255E+08  2.532E+06  1.334E+06   68.2   69.2    2.5    3.0    3.0    0.0    0.0    2.8    1.9
2020  1  1   1 12.00  125.0   55.0   45.0  4.204E+10  1.477E+11  2.355E+10 9.276E-12  427.3   711  4.056E+07  5.450E+08  2.400E+06  1.473E+06   68.2   69.2    2.5    3.0    3.0    0.0    0.0    2.8    1.9
2020  1  1   1 12.00  126.0   55.0   45.0  3.950E+10  1.340E+11  2.099E+10 8.429E-12  437.5   711  3.970E+07  4.767E+08  2.279E+06  1.624E+06   68.2   69.2    2.5    3.0    3.0    0.0    0.0    2.8    1.9
2020  1  1   1 12.00  127.0   55.0   45.0  3.718E+10  1.219E+11  1.877E+10 7.683E-12  447.4   711  3.891E+07  4.185E+08  2.169E+06  1.787E+06   68.2   69.2    2.5    3.0    3.0    0.0    0.0    2.8    1.9
2020  1  1   1 12.00  128.0   55.0   45.0  3.507E+10  1.112E+11  1.684E+10 7.024E-12  456.8   711  3.819E+07  3.686E+08  2.067E+06  1.962E+06   68.2   69.2    2.5    3.0    3.0    0.0    0.0    2.8    1.9
2020  1  1   1 12.00  129.0   55.0   45.0  3.313E+10  1.017E+11  1.515E+10 6.440E-12  466.0   711  3.753E+07  3.257E+08  1.974E+06  2.150E+06   68.2   69.2    2.5    3.0    3.0    0.0    0.0    2.8    1.9
2020  1  1   1 12.00  130.0   55.0   45.0  3.135E+10  9.330E+10  1.366E+10 5.918E-12  474.8   711  3.691E+07  2.886E+08  1.887E+06  2.352E+06   68.2   69.2    2.5    3.0    3.0    0.0    0.0    2.8    1.9
2020  1  1   1 12.00  131.0   55.0   45.0  2.971E+10  8.575E+10  1.236E+10 5.452E-12  483.3   711  3.635E+07  2.565E+08  1.807E+06  2.568E+06   68.2   69.2    2.5    3.0    3.0    0.0    0.0    2.8    1.9
2020  1  1   1 12.00  132.0   55.0   45.0  2.820E+10  7.899E+10  1.120E+10 5.034E-12  491.4   711  3.582E+07  2.285E+08  1.733E+06  2.798E+06   68.2   69.2    2.5    3.0    3.0    0.0    0.0    2.8    1.9
2020  1  1   1 12.00  133.0   55.0   45.0  2.680E+10  7.290E+10  1.017E+10 4.657E-12  499.3   711  3.533E+07  2.040E+08  1.664E+06  3.042E+06   68.2   69.2    2.5    3.0    3.0    0.0    0.0    2.8    1.9
2020  1  1   1 12.00  134.0   55.0   45.0  2.550E+10  6.741E+10  9.258E+09 4.317E-12  506.9   711  3.488E+07  1.825E+08  1.599E+06  3.302E+06   68.2   69.2    2.5    3.0    3.0    0.0    0.0    2.8    1.9
2020  1  1   1 12.00  135.0   55.0   45.0  2.429E+10  6.243E+10  8.442E+09 4.009E-12  514.2   711  3.445E+07  1.637E+08  1.539E+06  3.576E+06   68.2   69.2    2.5    3.0    3.0    0.0    0.0    2.8    1.9
2020  1  1   1 12.00  136.0   55.0   45.0  2.317E+10  5.792E+10  7.712E+09 3.729E-12  521.3   711  3.406E+07  1.470E+08  1.483E+06  3.866E+06   68.2   69.2    2.5    3.0    3.0    0.0    0.0    2.8    1.9
2020  1  1   1 12.00  137.0   55.0   45.0  2.212E+10  5.381E+10  7.056E+09 3.475E-12  528.1   711  3.369E+07  1.323E+08  1.430E+06  4.171E+06   68.2   69.2    2.5    3.0    3.0    0.0    0.0    2.8    1.9
2020  1  1   1 12.00  138.0   55.0   45.0  2.114E+10  5.006E+10  6.467E+09 3.242E-12  534.6   711  3.334E+07  1.193E+08  1.380E+06  4.491E+06   68.2   69.2    2.5    3.0    3.0    0.0    0.0    2.8    1.9
2020  1  1   1 12.00  139.0   55.0   45.0  2.023E+10  4.664E+10  5.936E+09 3.030E-12  541.0   711  3.301E+07  1.077E+08  1.333E+06  4.827E+06   68.2   69.2    2.5    3.0    3.0    0.0    0.0    2.8    1.9
2020  1  1   1 12.00  140.0   55.0   45.0  1.937E+10  4.351E+10  5.457E+09 2.835E-12  547.0   711  3.271E+07  9.740E+07  1.289E+06  5.179E+06   68.2   69.2    2.5    3.0    3.0    0.0    0.0    2.8    1.9
2020  1  1   1 12.00  141.0   55.0   45.0  1.857E+10  4.063E+10  5.023E+09 2.656E-12  552.9   711  3.242E+07  8.820E+07  1.248E+06  5.546E+06   68.2   69.2    2.5    3.0    3.0    0.0    0.0    2.8    1.9
2020  1  1   1 12.00  142.0   55.0   45.0  1.781E+10  3.799E+10  4.630E+09 2.492E-12  558.6   711  3.215E+07  7.999E+07  1.209E+06  5.927E+06   68.2   69.2    2.5    3.0    3.0    0.0    0.0    2.8    1.9
2020  1  1   1 12.00  143.0   55.0   45.0  1.710E+10  3.556E+10  4.273E+09 2.340E-12  564.0   711  3.189E+07  7.264E+07  1.171E+06  6.324E+06   68.2   69.2    2.5    3.0    3.0    0.0    0.0    2.8    1.9
2020  1  1   1 12.00  144.0   55.0   45.0  1.643E+10  3.331E+10  3.948E+09 2.201E-12  569.3   711  3.165E+07  6.606E+07  1.136E+06  6.734E+06   68.2   69.2    2.5    3.0    3.0    0.0    0.0    2.8    1.9
2020  1  1   1 12.00  145.0   55.0   45.0  1.580E+10  3.124E+10  3.652E+09 2.071E-12  574.3   711  3.142E+07  6.015E+07  1.103E+06  7.157E+06   68.2   69.2    2.5    3.0    3.0    0.0    0.0    2.8    1.9
2020  1  1   1 12.00  146.0   55.0   45.0  1.520E+10  2.932E+10  3.381E+09 1.951E-12  579.2   711  3.120E+07  5.484E+07  1.071E+06  7.591E+06   68.2   69.2    2.5    3.0    3.0    0.0    0.0    2.8    1.9
2020  1  1   1 12.00  147.0   55.0   45.0  1.462E+10  2.754E+10  3.134E+09 1.840E-12  583.9   711  3.100E+07  5.005E+07  1.041E+06  8.036E+06   68.2   69.2    2.5    3.0    3.0    0.0    0.0    2.8    1.9
2020  1  1   1 12.00  148.0   55.0   45.0  1.408E+10  2.590E+10  2.908E+09 1.737E-12  588.4   711  3.080E+07  4.573E+07  1.013E+06  8.491E+06   68.2   69.2    2.5    3.0    3.0    0.0    0.0    2.8    1.9
2020  1  1   1 12.00  149.0   55.0   45.0  1.357E+10  2.436E+10  2.701E+09 1.641E-12  592.8   711  3.061E+07  4.183E+07  9.858E+05  8.955E+06   68.2   69.2    2.5    3.0    3.0    0.0    0.0    2.8    1.9
2020  1  1   1 12.00  150.0   55.0   45.0  1.308E+10  2.294E+10  2.511E+09 1.551E-12  597.0   711  3.044E+07  3.830E+07  9.600E+05  9.426E+06   68.2   69.2    2.5    3.0    3.0    0.0    0.0    2.8    1.9
2020  1  1   1 12.00  151.0   55.0   45.0  1.261E+10  2.162E+10  2.336E+09 1.467E-12  601.1   711  3.026E+07  3.510E+07  9.354E+05  9.904E+06   68.2   69.2    2.5    3.0    3.0    0.0    0.0    2.8    1.9
2020  1  1   1 12.00  152.0   55.0   45.0  1.217E+10  2.038E+10  2.175E+09 1.390E-12  605.0   711  3.010E+07  3.220E+07  9.120E+05  1.039E+07   68.2   69.2    2.5    3.0    3.0    0.0    0.0    2.8    1.9
2020  1  1   1 12.00  153.0   55.0   45.0  1.175E+10  1.923E+10  2.027E+09 1.317E-12  608.8   711  2.994E+07  2.957E+07  8.896E+05  1.087E+07   68.2   69.2    2.5    3.0    3.0    0.0    0.0    2.8    1.9
2020  1  1   1 12.00  154.0   55.0   45.0  1.134E+10  1.815E+10  1.890E+09 1.248E-12  612.4   711  2.979E+07  2.717E+07  8.683E+05  1.136E+07   68.2   69.2    2.5    3.0    3.0    0.0    0.0    2.8    1.9
2020  1  1   1 12.00  155.0   55.0   45.0  1.096E+10  1.715E+10  1.764E+09 1.184E-12  615.9   711  2.965E+07  2.499E+07  8.479E+05  1.185E+07   68.2   69.2    2.5    3.0    3.0    0.0    0.0    2.8    1.9
2020  1  1   1 12.00  156.0   55.0   45.0  1.059E+10  1.620E+10  1.647E+09 1.125E-12  619.3   711  2.950E+07  2.300E+07  8.285E+05  1.234E+07   68.2   69.2    2.5    3.0    3.0    0.0    0.0    2.8    1.9
2020  1  1   1 12.00  157.0   55.0   45.0  1.023E+10  1.532E+10  1.539E+09 1.068E-12  622.6   711  2.937E+07  2.119E+07  8.099E+05  1.282E+07   68.2   69.2    2.5    3.0    3.0    0.0    0.0    2.8    1.9
2020  1  1   1 12.00  158.0   55.0   45.0  9.897E+09  1.449E+10  1.439E+09 1.015E-12  625.7   711  2.924E+07  1.953E+07  7.921E+05  1.330E+07   68.2   69.2    2.5    3.0    3.0    0.0    0.0    2.8    1.9
2020  1  1   1 12.00  159.0   55.0   45.0  9.573E+09  1.372E+10  1.347E+09 9.657E-13  628.7   711  2.911E+07  1.801E+07  7.751E+05  1.378E+07   68.2   69.2    2.5    3.0    3.0    0.0    0.0    2.8    1.9
2020  1  1   1 12.00  160.0   55.0   45.0  9.263E+09  1.299E+10  1.261E+09 9.190E-13  631.7   711  2.898E+07  1.663E+07  7.588E+05  1.425E+07   68.2   69.2    2.5    3.0    3.0    0.0    0.0    2.8    1.9
2020  1  1   1 12.00  161.0   55.0   45.0  8.966E+09  1.230E+10  1.181E+09 8.749E-13  634.5   711  2.886E+07  1.536E+07  7.432E+05  1.471E+07   68.2   69.2    2.5    3.0    3.0    0.0    0.0    2.8    1.9
2020  1  1   1 12.00  162.0   55.0   45.0  8.681E+09  1.166E+10  1.107E+09 8.334E-13  637.2   711  2.874E+07  1.419E+07  7.283E+05  1.516E+07   68.2   69.2    2.5    3.0    3.0    0.0    0.0    2.8    1.9
2020  1  1   1 12.00  163.0   55.0   45.0  8.407E+09  1.106E+10  1.038E+09 7.942E-13  639.8   711  2.862E+07  1.313E+07  7.140E+05  1.560E+07   68.2   69.2    2.5    3.0    3.0    0.0    0.0    2.8    1.9
2020  1  1   1 12.00  164.0   55.0   45.0  8.144E+09  1.049E+10  9.743E+08 7.573E-13  642.3   711  2.850E+07  1.215E+07  7.003E+05  1.602E+07   68.2   69.2    2.5    3.0    3.0    0.0    0.0    2.8    1.9
2020  1  1   1 12.00  165.0   55.0   45.0  7.892E+09  9.948E+09  9.147E+08 7.223E-13  644.8   711  2.839E+07  1.125E+07  6.872E+05  1.644E+07   68.2   69.2    2.5    3.0    3.0    0.0    0.0    2.8    1.9
2020  1  1   1 12.00  166.0   55.0   45.0  7.649E+09  9.441E+09  8.591E+08 6.893E-13  647.1   711  2.827E+07  1.042E+07  6.746E+05  1.683E+07   68.2   69.2    2.5    3.0    3.0    0.0    0.0    2.8    1.9
2020  1  1   1 12.00  167.0   55.0   45.0  7.415E+09  8.963E+09  8.073E+08 6.581E-13  649.4   711  2.816E+07  9.655E+06  6.625E+05  1.721E+07   68.2   69.2    2.5    3.0    3.0    0.0    0.0    2.8    1.9
2020  1  1   1 12.00  168.0   55.0   45.0  7.190E+09  8.513E+09  7.589E+08 6.285E-13  651.5   711  2.805E+07  8.953E+06  6.510E+05  1.757E+07   68.2   69.2    2.5    3.0    3.0    0.0    0.0    2.8    1.9
2020  1  1   1 12.00  169.0   55.0   45.0  6.974E+09  8.087E+09  7.138E+08 6.005E-13  653.6   711  2.794E+07  8.306E+06  6.398E+05  1.792E+07   68.2   69.2    2.5    3.0    3.0    0.0    0.0    2.8    1.9
2020  1  1   1 12.00  170.0   55.0   45.0  6.765E+09  7.685E+09  6.716E+08 5.740E-13  655.7   711  2.783E+07  7.710E+06  6.292E+05  1.824E+07   68.2   69.2    2.5    3.0    3.0    0.0    0.0    2.8    1.9
2020  1  1   1 12.00  171.0   55.0   45.0  6.564E+09  7.304E+09  6.321E+08 5.488E-13  657.6   711  2.772E+07  7.159E+06  6.189E+05  1.855E+07   68.2   69.2    2.5    3.0    3.0    0.0    0.0    2.8    1.9
2020  1  1   1 12.00  172.0   55.0   45.0  6.370E+09  6.945E+09  5.952E+08 5.250E-13  659.5   711  2.762E+07  6.651E+06  6.091E+05  1.883E+07   68.2   69.2    2.5    3.0    3.0    0.0    0.0    2.8    1.9
2020  1  1   1 12.00  173.0   55.0   45.0  6.183E+09  6.605E+09  5.607E+08 5.023E-13  661.3   711  2.751E+07  6.181E+06  5.996E+05  1.909E+07   68.2   69.2    2.5    3.0    3.0    0.0    0.0    2.8    1.9
2020  1  1   1 12.00  174.0   55.0   45.0  6.003E+09  6.283E+09  5.284E+08 4.808E-13  663.1   711  2.740E+07  5.747E+06  5.905E+05  1.934E+07   68.2   69.2    2.5    3.0    3.0    0.0    0.0    2.8    1.9
2020  1  1   1 12.00  175.0   55.0   45.0  5.829E+09  5.978E+09  4.981E+08 4.604E-13  664.8   711  2.729E+07  5.345E+06  5.818E+05  1.956E+07   68.2   69.2    2.5    3.0    3.0    0.0    0.0    2.8    1.9
2020  1  1   1 12.00  176.0   55.0   45.0  5.660E+09  5.689E+09  4.697E+08 4.410E-13  666.4   711  2.719E+07  4.973E+06  5.734E+05  1.976E+07   68.2   69.2    2.5    3.0    3.0    0.0    0.0    2.8    1.9
2020  1  1   1 12.00  177.0   55.0   45.0  5.498E+09  5.416E+09  4.431E+08 4.225E-13  668.0   711  2.708E+07  4.629E+06  5.654E+05  1.993E+07   68.2   69.2    2.5    3.0    3.0    0.0    0.0    2.8    1.9
2020  1  1   1 12.00  178.0   55.0   45.0  5.341E+09  5.156E+09  4.181E+08 4.049E-13  669.5   711  2.697E+07  4.311E+06  5.576E+05  2.009E+07   68.2   69.2    2.5    3.0    3.0    0.0    0.0    2.8    1.9
2020  1  1   1 12.00  179.0   55.0   45.0  5.190E+09  4.911E+09  3.946E+08 3.882E-13  670.9   711  2.686E+07  4.015E+06  5.501E+05  2.022E+07   68.2   69.2    2.5    3.0    3.0    0.0    0.0    2.8    1.9
2020  1  1   1 12.00  180.0   55.0   45.0  5.043E+09  4.677E+09  3.726E+08 3.723E-13  672.3   711  2.675E+07  3.741E+06  5.430E+05  2.033E+07   68.2   69.2    2.5    3.0    3.0    0.0    0.0    2.8    1.9
2020  1  1   1 12.00  181.0   55.0   45.0  4.901E+09  4.456E+09  3.519E+08 3.571E-13  673.7   711  2.665E+07  3.487E+06  5.361E+05  2.043E+07   68.2   69.2    2.5    3.0    3.0    0.0    0.0    2.8    1.9
2020  1  1   1 12.00  182.0   55.0   45.0  4.764E+09  4.246E+09  3.324E+08 3.426E-13  675.0   711  2.654E+07  3.251E+06  5.294E+05  2.050E+07   68.2   69.2    2.5    3.0    3.0    0.0    0.0    2.8    1.9
2020  1  1   1 12.00  183.0   55.0   45.0  4.631E+09  4.046E+09  3.141E+08 3.288E-13  676.3   711  2.643E+07  3.032E+06  5.230E+05  2.055E+07   68.2   69.2    2.5    3.0    3.0    0.0    0.0    2.8    1.9
2020  1  1   1 12.00  184.0   55.0   45.0  4.503E+09  3.857E+09  2.969E+08 3.157E-13  677.5   711  2.632E+07  2.828E+06  5.168E+05  2.058E+07   68.2   69.2    2.5    3.0    3.0    0.0    0.0    2.8    1.9
2020  1  1   1 12.00  185.0   55.0   45.0  4.378E+09  3.677E+09  2.807E+08 3.031E-13  678.7   711  2.621E+07  2.639E+06  5.109E+05  2.059E+07   68.2   69.2    2.5    3.0    3.0    0.0    0.0    2.8    1.9
2020  1  1   1 12.00  186.0   55.0   45.0  4.258E+09  3.506E+09  2.655E+08 2.911E-13  679.8   711  2.610E+07  2.463E+06  5.052E+05  2.058E+07   68.2   69.2    2.5    3.0    3.0    0.0    0.0    2.8    1.9
2020  1  1   1 12.00  187.0   55.0   45.0  4.141E+09  3.343E+09  2.511E+08 2.797E-13  680.9   711  2.598E+07  2.300E+06  4.997E+05  2.056E+07   68.2   69.2    2.5    3.0    3.0    0.0    0.0    2.8    1.9
2020  1  1   1 12.00  188.0   55.0   45.0  4.028E+09  3.189E+09  2.375E+08 2.688E-13  681.9   711  2.587E+07  2.148E+06  4.944E+05  2.051E+07   68.2   69.2    2.5    3.0    3.0    0.0    0.0    2.8    1.9
2020  1  1   1 12.00  189.0   55.0   45.0  3.919E+09  3.042E+09  2.248E+08 2.583E-13  683.0   711  2.576E+07  2.006E+06  4.893E+05  2.045E+07   68.2   69.2    2.5    3.0    3.0    0.0    0.0    2.8    1.9
2020  1  1   1 12.00  190.0   55.0   45.0  3.812E+09  2.902E+09  2.128E+08 2.483E-13  683.9   711  2.565E+07  1.874E+06  4.843E+05  2.038E+07   68.2   69.2    2.5    3.0    3.0    0.0    0.0    2.8    1.9
2020  1  1   1 12.00  191.0   55.0   45.0  3.709E+09  2.769E+09  2.014E+08 2.388E-13  684.9   711  2.553E+07  1.752E+06  4.796E+05  2.029E+07   68.2   69.2    2.5    3.0    3.0    0.0    0.0    2.8    1.9
2020  1  1   1 12.00  192.0   55.0   45.0  3.610E+09  2.642E+09  1.907E+08 2.297E-13  685.8   711  2.542E+07  1.637E+06  4.750E+05  2.019E+07   68.2   69.2    2.5    3.0    3.0    0.0    0.0    2.8    1.9
2020  1  1   1 12.00  193.0   55.0   45.0  3.513E+09  2.522E+09  1.806E+08 2.210E-13  686.7   711  2.530E+07  1.531E+06  4.706E+05  2.007E+07   68.2   69.2    2.5    3.0    3.0    0.0    0.0    2.8    1.9
2020  1  1   1 12.00  194.0   55.0   45.0  3.419E+09  2.407E+09  1.711E+08 2.126E-13  687.5   711  2.519E+07  1.431E+06  4.663E+05  1.994E+07   68.2   69.2    2.5    3.0    3.0    0.0    0.0    2.8    1.9
2020  1  1   1 12.00  195.0   55.0   45.0  3.328E+09  2.298E+09  1.621E+08 2.046E-13  688.3   711  2.507E+07  1.339E+06  4.622E+05  1.980E+07   68.2   69.2    2.5    3.0    3.0    0.0    0.0    2.8    1.9
2020  1  1   1 12.00  196.0   55.0   45.0  3.239E+09  2.194E+09  1.536E+08 1.970E-13  689.1   711  2.496E+07  1.252E+06  4.582E+05  1.964E+07   68.2   69.2    2.5    3.0    3.0    0.0    0.0    2.8    1.9
2020  1  1   1 12.00  197.0   55.0   45.0  3.153E+09  2.095E+09  1.455E+08 1.896E-13  689.9   711  2.484E+07  1.172E+06  4.544E+05  1.948E+07   68.2   69.2    2.5    3.0    3.0    0.0    0.0    2.8    1.9
2020  1  1   1 12.00  198.0   55.0   45.0  3.070E+09  2.000E+09  1.379E+08 1.826E-13  690.6   711  2.472E+07  1.096E+06  4.507E+05  1.930E+07   68.2   69.2    2.5    3.0    3.0    0.0    0.0    2.8    1.9
2020  1  1   1 12.00  199.0   55.0   45.0  2.989E+09  1.910E+09  1.308E+08 1.759E-13  691.3   711  2.461E+07  1.026E+06  4.471E+05  1.912E+07   68.2   69.2    2.5    3.0    3.0    0.0    0.0    2.8    1.9
