Year Mon Day DOY hour Heit(km) Lat  Lon Oden(cm-3) N2den(cm-3) O2den(cm-3) air(gm/cm3) T(K) exoT(K) Heden(cm-3)Arden(cm-3) Hden(cm-3) Nden(cm-3) F107 F107a apdaily  ap0-3 ap3-6 ap6-9 ap9-12 ap12-33 ap33-59
2020  1  1   1 12.00  100.0  -90.0   45.0  1.984E+11  5.264E+12  1.226E+12 3.187E-10  206.8   961  8.199E+07  5.046E+10  3.939E+07  6.180E+04   68.2   69.2    2.5    3.0    0.0    0.0    2.0    2.9    1.5
2020  1  1   1 12.00  100.0  -89.0   45.0  1.975E+11  5.229E+12  1.219E+12 3.166E-10  207.8   962  8.135E+07  5.016E+10  3.916E+07  6.222E+04   68.2   69.2    2.5    3.0    0.0    0.0    2.0    2.9    1.5
2020  1  1   1 12.00  100.0  -88.0   45.0  1.970E+11  5.197E+12  1.212E+12 3.147E-10  208.7   963  8.074E+07  4.989E+10  3.894E+07  6.267E+04   68.2   69.2    2.5    3.0    0.0    0.0    2.0    2.9    1.5
2020  1  1   1 12.00  100.0  -87.0   45.0  1.967E+11  5.168E+12  1.205E+12 3.130E-10  209.7   963  8.017E+07  4.965E+10  3.873E+07  6.315E+04   68.2   69.2    2.5    3.0    0.0    0.0    2.0    2.9    1.5
2020  1  1   1 12.00  100.0  -86.0   45.0  1.967E+11  5.143E+12  1.200E+12 3.115E-10  210.7   963  7.963E+07  4.944E+10  3.854E+07  6.364E+04   68.2   69.2    2.5    3.0    0.0    0.0    2.0    2.9    1.5
2020  1  1   1 12.00  100.0  -85.0   45.0  1.970E+11  5.120E+12  1.195E+12 3.102E-10  211.7   963  7.913E+07  4.926E+10  3.837E+07  6.415E+04   68.2   69.2    2.5    3.0    0.0    0.0    2.0    2.9    1.5
2020  1  1   1 12.00  100.0  -84.0   45.0  1.976E+11  5.100E+12  1.191E+12 3.091E-10  212.7   962  7.867E+07  4.912E+10  3.821E+07  6.468E+04   68.2   69.2    2.5    3.0    0.0    0.0    2.0    2.9    1.5
2020  1  1   1 12.00  100.0  -83.0   45.0  1.985E+11  5.084E+12  1.188E+12 3.082E-10  213.7   961  7.825E+07  4.901E+10  3.806E+07  6.523E+04   68.2   69.2    2.5    3.0    0.0    0.0    2.0    2.9    1.5
2020  1  1   1 12.00  100.0  -82.0   45.0  1.996E+11  5.071E+12  1.186E+12 3.075E-10  214.6   960  7.787E+07  4.894E+10  3.794E+07  6.579E+04   68.2   69.2    2.5    3.0    0.0    0.0    2.0    2.9    1.5
2020  1  1   1 12.00  100.0  -81.0   45.0  2.010E+11  5.062E+12  1.185E+12 3.070E-10  215.5   958  7.755E+07  4.890E+10  3.783E+07  6.636E+04   68.2   69.2    2.5    3.0    0.0    0.0    2.0    2.9    1.5
2020  1  1   1 12.00  100.0  -80.0   45.0  2.028E+11  5.056E+12  1.184E+12 3.068E-10  216.4   956  7.726E+07  4.890E+10  3.773E+07  6.695E+04   68.2   69.2    2.5    3.0    0.0    0.0    2.0    2.9    1.5
2020  1  1   1 12.00  100.0  -79.0   45.0  2.048E+11  5.055E+12  1.185E+12 3.068E-10  217.2   954  7.703E+07  4.894E+10  3.766E+07  6.755E+04   68.2   69.2    2.5    3.0    0.0    0.0    2.0    2.9    1.5
2020  1  1   1 12.00  100.0  -78.0   45.0  2.071E+11  5.056E+12  1.186E+12 3.070E-10  218.0   952  7.686E+07  4.901E+10  3.760E+07  6.816E+04   68.2   69.2    2.5    3.0    0.0    0.0    2.0    2.9    1.5
2020  1  1   1 12.00  100.0  -77.0   45.0  2.097E+11  5.062E+12  1.188E+12 3.074E-10  218.7   950  7.673E+07  4.912E+10  3.756E+07  6.879E+04   68.2   69.2    2.5    3.0    0.0    0.0    2.0    2.9    1.5
2020  1  1   1 12.00  100.0  -76.0   45.0  2.126E+11  5.072E+12  1.191E+12 3.081E-10  219.4   947  7.667E+07  4.927E+10  3.754E+07  6.943E+04   68.2   69.2    2.5    3.0    0.0    0.0    2.0    2.9    1.5
2020  1  1   1 12.00  100.0  -75.0   45.0  2.159E+11  5.085E+12  1.196E+12 3.091E-10  220.0   944  7.666E+07  4.946E+10  3.754E+07  7.008E+04   68.2   69.2    2.5    3.0    0.0    0.0    2.0    2.9    1.5
2020  1  1   1 12.00  100.0  -74.0   45.0  2.194E+11  5.103E+12  1.201E+12 3.103E-10  220.5   941  7.671E+07  4.969E+10  3.756E+07  7.075E+04   68.2   69.2    2.5    3.0    0.0    0.0    2.0    2.9    1.5
2020  1  1   1 12.00  100.0  -73.0   45.0  2.233E+11  5.124E+12  1.207E+12 3.117E-10  220.9   938  7.682E+07  4.996E+10  3.760E+07  7.145E+04   68.2   69.2    2.5    3.0    0.0    0.0    2.0    2.9    1.5
2020  1  1   1 12.00  100.0  -72.0   45.0  2.274E+11  5.150E+12  1.214E+12 3.135E-10  221.3   935  7.699E+07  5.027E+10  3.766E+07  7.216E+04   68.2   69.2    2.5    3.0    0.0    0.0    2.0    2.9    1.5
2020  1  1   1 12.00  100.0  -71.0   45.0  2.319E+11  5.180E+12  1.222E+12 3.154E-10  221.5   931  7.723E+07  5.062E+10  3.774E+07  7.290E+04   68.2   69.2    2.5    3.0    0.0    0.0    2.0    2.9    1.5
2020  1  1   1 12.00  100.0  -70.0   45.0  2.368E+11  5.214E+12  1.232E+12 3.177E-10  221.7   928  7.753E+07  5.101E+10  3.783E+07  7.366E+04   68.2   69.2    2.5    3.0    0.0    0.0    2.0    2.9    1.5
2020  1  1   1 12.00  100.0  -69.0   45.0  2.419E+11  5.253E+12  1.242E+12 3.202E-10  221.7   924  7.790E+07  5.145E+10  3.795E+07  7.446E+04   68.2   69.2    2.5    3.0    0.0    0.0    2.0    2.9    1.5
2020  1  1   1 12.00  100.0  -68.0   45.0  2.474E+11  5.295E+12  1.253E+12 3.229E-10  221.7   921  7.833E+07  5.193E+10  3.809E+07  7.529E+04   68.2   69.2    2.5    3.0    0.0    0.0    2.0    2.9    1.5
2020  1  1   1 12.00  100.0  -67.0   45.0  2.533E+11  5.343E+12  1.266E+12 3.260E-10  221.5   917  7.884E+07  5.245E+10  3.825E+07  7.616E+04   68.2   69.2    2.5    3.0    0.0    0.0    2.0    2.9    1.5
2020  1  1   1 12.00  100.0  -66.0   45.0  2.595E+11  5.394E+12  1.279E+12 3.293E-10  221.3   913  7.941E+07  5.302E+10  3.842E+07  7.708E+04   68.2   69.2    2.5    3.0    0.0    0.0    2.0    2.9    1.5
2020  1  1   1 12.00  100.0  -65.0   45.0  2.660E+11  5.450E+12  1.294E+12 3.329E-10  220.9   910  8.005E+07  5.363E+10  3.861E+07  7.804E+04   68.2   69.2    2.5    3.0    0.0    0.0    2.0    2.9    1.5
2020  1  1   1 12.00  100.0  -64.0   45.0  2.728E+11  5.510E+12  1.309E+12 3.367E-10  220.4   906  8.076E+07  5.428E+10  3.883E+07  7.905E+04   68.2   69.2    2.5    3.0    0.0    0.0    2.0    2.9    1.5
2020  1  1   1 12.00  100.0  -63.0   45.0  2.801E+11  5.574E+12  1.326E+12 3.408E-10  219.8   903  8.154E+07  5.497E+10  3.906E+07  8.012E+04   68.2   69.2    2.5    3.0    0.0    0.0    2.0    2.9    1.5
2020  1  1   1 12.00  100.0  -62.0   45.0  2.876E+11  5.643E+12  1.343E+12 3.452E-10  219.2   899  8.239E+07  5.570E+10  3.930E+07  8.125E+04   68.2   69.2    2.5    3.0    0.0    0.0    2.0    2.9    1.5
2020  1  1   1 12.00  100.0  -61.0   45.0  2.955E+11  5.716E+12  1.362E+12 3.499E-10  218.4   895  8.331E+07  5.648E+10  3.957E+07  8.246E+04   68.2   69.2    2.5    3.0    0.0    0.0    2.0    2.9    1.5
2020  1  1   1 12.00  100.0  -60.0   45.0  3.037E+11  5.793E+12  1.382E+12 3.548E-10  217.5   892  8.429E+07  5.730E+10  3.984E+07  8.373E+04   68.2   69.2    2.5    3.0    0.0    0.0    2.0    2.9    1.5
2020  1  1   1 12.00  100.0  -59.0   45.0  3.122E+11  5.874E+12  1.403E+12 3.599E-10  216.6   888  8.535E+07  5.816E+10  4.013E+07  8.508E+04   68.2   69.2    2.5    3.0    0.0    0.0    2.0    2.9    1.5
2020  1  1   1 12.00  100.0  -58.0   45.0  3.211E+11  5.959E+12  1.425E+12 3.654E-10  215.5   885  8.647E+07  5.906E+10  4.044E+07  8.652E+04   68.2   69.2    2.5    3.0    0.0    0.0    2.0    2.9    1.5
2020  1  1   1 12.00  100.0  -57.0   45.0  3.302E+11  6.048E+12  1.447E+12 3.710E-10  214.4   882  8.766E+07  6.000E+10  4.076E+07  8.805E+04   68.2   69.2    2.5    3.0    0.0    0.0    2.0    2.9    1.5
2020  1  1   1 12.00  100.0  -56.0   45.0  3.397E+11  6.141E+12  1.471E+12 3.769E-10  213.2   878  8.892E+07  6.098E+10  4.108E+07  8.967E+04   68.2   69.2    2.5    3.0    0.0    0.0    2.0    2.9    1.5
2020  1  1   1 12.00  100.0  -55.0   45.0  3.494E+11  6.238E+12  1.496E+12 3.831E-10  212.0   875  9.024E+07  6.199E+10  4.142E+07  9.140E+04   68.2   69.2    2.5    3.0    0.0    0.0    2.0    2.9    1.5
2020  1  1   1 12.00  100.0  -54.0   45.0  3.593E+11  6.338E+12  1.521E+12 3.894E-10  210.7   872  9.162E+07  6.304E+10  4.176E+07  9.323E+04   68.2   69.2    2.5    3.0    0.0    0.0    2.0    2.9    1.5
2020  1  1   1 12.00  100.0  -53.0   45.0  3.695E+11  6.442E+12  1.548E+12 3.960E-10  209.3   869  9.307E+07  6.412E+10  4.211E+07  9.517E+04   68.2   69.2    2.5    3.0    0.0    0.0    2.0    2.9    1.5
2020  1  1   1 12.00  100.0  -52.0   45.0  3.799E+11  6.549E+12  1.575E+12 4.028E-10  207.9   866  9.457E+07  6.524E+10  4.246E+07  9.722E+04   68.2   69.2    2.5    3.0    0.0    0.0    2.0    2.9    1.5
2020  1  1   1 12.00  100.0  -51.0   45.0  3.904E+11  6.659E+12  1.603E+12 4.097E-10  206.5   863  9.613E+07  6.639E+10  4.282E+07  9.940E+04   68.2   69.2    2.5    3.0    0.0    0.0    2.0    2.9    1.5
2020  1  1   1 12.00  100.0  -50.0   45.0  4.011E+11  6.772E+12  1.632E+12 4.169E-10  205.1   860  9.774E+07  6.757E+10  4.317E+07  1.017E+05   68.2   69.2    2.5    3.0    0.0    0.0    2.0    2.9    1.5
2020  1  1   1 12.00  100.0  -49.0   45.0  4.120E+11  6.888E+12  1.661E+12 4.242E-10  203.6   858  9.940E+07  6.877E+10  4.353E+07  1.041E+05   68.2   69.2    2.5    3.0    0.0    0.0    2.0    2.9    1.5
2020  1  1   1 12.00  100.0  -48.0   45.0  4.229E+11  7.006E+12  1.691E+12 4.317E-10  202.2   855  1.011E+08  7.000E+10  4.388E+07  1.067E+05   68.2   69.2    2.5    3.0    0.0    0.0    2.0    2.9    1.5
2020  1  1   1 12.00  100.0  -47.0   45.0  4.338E+11  7.127E+12  1.722E+12 4.393E-10  200.7   852  1.029E+08  7.126E+10  4.422E+07  1.094E+05   68.2   69.2    2.5    3.0    0.0    0.0    2.0    2.9    1.5
2020  1  1   1 12.00  100.0  -46.0   45.0  4.448E+11  7.250E+12  1.753E+12 4.470E-10  199.2   850  1.047E+08  7.253E+10  4.456E+07  1.122E+05   68.2   69.2    2.5    3.0    0.0    0.0    2.0    2.9    1.5
2020  1  1   1 12.00  100.0  -45.0   45.0  4.557E+11  7.374E+12  1.785E+12 4.549E-10  197.8   848  1.065E+08  7.383E+10  4.489E+07  1.152E+05   68.2   69.2    2.5    3.0    0.0    0.0    2.0    2.9    1.5
2020  1  1   1 12.00  100.0  -44.0   45.0  4.666E+11  7.500E+12  1.817E+12 4.628E-10  196.3   845  1.083E+08  7.514E+10  4.521E+07  1.183E+05   68.2   69.2    2.5    3.0    0.0    0.0    2.0    2.9    1.5
2020  1  1   1 12.00  100.0  -43.0   45.0  4.773E+11  7.628E+12  1.850E+12 4.709E-10  194.9   843  1.102E+08  7.647E+10  4.552E+07  1.215E+05   68.2   69.2    2.5    3.0    0.0    0.0    2.0    2.9    1.5
2020  1  1   1 12.00  100.0  -42.0   45.0  4.879E+11  7.756E+12  1.882E+12 4.789E-10  193.5   841  1.121E+08  7.780E+10  4.581E+07  1.249E+05   68.2   69.2    2.5    3.0    0.0    0.0    2.0    2.9    1.5
2020  1  1   1 12.00  100.0  -41.0   45.0  4.984E+11  7.885E+12  1.915E+12 4.871E-10  192.2   839  1.141E+08  7.915E+10  4.609E+07  1.284E+05   68.2   69.2    2.5    3.0    0.0    0.0    2.0    2.9    1.5
2020  1  1   1 12.00  100.0  -40.0   45.0  5.085E+11  8.015E+12  1.948E+12 4.952E-10  190.8   837  1.160E+08  8.050E+10  4.634E+07  1.320E+05   68.2   69.2    2.5    3.0    0.0    0.0    2.0    2.9    1.5
2020  1  1   1 12.00  100.0  -39.0   45.0  5.184E+11  8.144E+12  1.981E+12 5.033E-10  189.6   835  1.180E+08  8.185E+10  4.658E+07  1.357E+05   68.2   69.2    2.5    3.0    0.0    0.0    2.0    2.9    1.5
2020  1  1   1 12.00  100.0  -38.0   45.0  5.280E+11  8.274E+12  2.015E+12 5.115E-10  188.3   833  1.199E+08  8.320E+10  4.680E+07  1.395E+05   68.2   69.2    2.5    3.0    0.0    0.0    2.0    2.9    1.5
2020  1  1   1 12.00  100.0  -37.0   45.0  5.372E+11  8.403E+12  2.048E+12 5.195E-10  187.2   831  1.219E+08  8.455E+10  4.699E+07  1.435E+05   68.2   69.2    2.5    3.0    0.0    0.0    2.0    2.9    1.5
2020  1  1   1 12.00  100.0  -36.0   45.0  5.460E+11  8.531E+12  2.081E+12 5.276E-10  186.0   829  1.238E+08  8.589E+10  4.716E+07  1.475E+05   68.2   69.2    2.5    3.0    0.0    0.0    2.0    2.9    1.5
2020  1  1   1 12.00  100.0  -35.0   45.0  5.544E+11  8.657E+12  2.113E+12 5.355E-10  184.9   828  1.257E+08  8.723E+10  4.730E+07  1.515E+05   68.2   69.2    2.5    3.0    0.0    0.0    2.0    2.9    1.5
2020  1  1   1 12.00  100.0  -34.0   45.0  5.623E+11  8.782E+12  2.145E+12 5.433E-10  183.9   826  1.276E+08  8.854E+10  4.742E+07  1.557E+05   68.2   69.2    2.5    3.0    0.0    0.0    2.0    2.9    1.5
2020  1  1   1 12.00  100.0  -33.0   45.0  5.697E+11  8.906E+12  2.177E+12 5.510E-10  183.0   824  1.295E+08  8.984E+10  4.751E+07  1.598E+05   68.2   69.2    2.5    3.0    0.0    0.0    2.0    2.9    1.5
2020  1  1   1 12.00  100.0  -32.0   45.0  5.765E+11  9.027E+12  2.208E+12 5.586E-10  182.0   823  1.314E+08  9.112E+10  4.757E+07  1.640E+05   68.2   69.2    2.5    3.0    0.0    0.0    2.0    2.9    1.5
2020  1  1   1 12.00  100.0  -31.0   45.0  5.828E+11  9.145E+12  2.239E+12 5.660E-10  181.2   821  1.332E+08  9.238E+10  4.760E+07  1.682E+05   68.2   69.2    2.5    3.0    0.0    0.0    2.0    2.9    1.5
2020  1  1   1 12.00  100.0  -30.0   45.0  5.886E+11  9.260E+12  2.269E+12 5.732E-10  180.4   820  1.349E+08  9.360E+10  4.761E+07  1.723E+05   68.2   69.2    2.5    3.0    0.0    0.0    2.0    2.9    1.5
2020  1  1   1 12.00  100.0  -29.0   45.0  5.937E+11  9.371E+12  2.298E+12 5.801E-10  179.7   819  1.366E+08  9.479E+10  4.758E+07  1.763E+05   68.2   69.2    2.5    3.0    0.0    0.0    2.0    2.9    1.5
2020  1  1   1 12.00  100.0  -28.0   45.0  5.982E+11  9.479E+12  2.326E+12 5.868E-10  179.0   818  1.383E+08  9.595E+10  4.753E+07  1.803E+05   68.2   69.2    2.5    3.0    0.0    0.0    2.0    2.9    1.5
2020  1  1   1 12.00  100.0  -27.0   45.0  6.022E+11  9.583E+12  2.353E+12 5.932E-10  178.4   816  1.399E+08  9.706E+10  4.745E+07  1.842E+05   68.2   69.2    2.5    3.0    0.0    0.0    2.0    2.9    1.5
2020  1  1   1 12.00  100.0  -26.0   45.0  6.054E+11  9.681E+12  2.379E+12 5.994E-10  177.9   815  1.414E+08  9.813E+10  4.733E+07  1.879E+05   68.2   69.2    2.5    3.0    0.0    0.0    2.0    2.9    1.5
2020  1  1   1 12.00  100.0  -25.0   45.0  6.081E+11  9.775E+12  2.404E+12 6.052E-10  177.4   814  1.429E+08  9.915E+10  4.719E+07  1.915E+05   68.2   69.2    2.5    3.0    0.0    0.0    2.0    2.9    1.5
2020  1  1   1 12.00  100.0  -24.0   45.0  6.102E+11  9.863E+12  2.428E+12 6.107E-10  177.0   813  1.442E+08  1.001E+11  4.702E+07  1.949E+05   68.2   69.2    2.5    3.0    0.0    0.0    2.0    2.9    1.5
2020  1  1   1 12.00  100.0  -23.0   45.0  6.116E+11  9.946E+12  2.450E+12 6.158E-10  176.6   812  1.455E+08  1.010E+11  4.683E+07  1.981E+05   68.2   69.2    2.5    3.0    0.0    0.0    2.0    2.9    1.5
2020  1  1   1 12.00  100.0  -22.0   45.0  6.124E+11  1.002E+13  2.470E+12 6.205E-10  176.3   811  1.467E+08  1.019E+11  4.661E+07  2.010E+05   68.2   69.2    2.5    3.0    0.0    0.0    2.0    2.9    1.5
2020  1  1   1 12.00  100.0  -21.0   45.0  6.127E+11  1.009E+13  2.490E+12 6.248E-10  176.1   810  1.478E+08  1.027E+11  4.636E+07  2.037E+05   68.2   69.2    2.5    3.0    0.0    0.0    2.0    2.9    1.5
2020  1  1   1 12.00  100.0  -20.0   45.0  6.123E+11  1.015E+13  2.507E+12 6.287E-10  175.9   810  1.489E+08  1.034E+11  4.609E+07  2.061E+05   68.2   69.2    2.5    3.0    0.0    0.0    2.0    2.9    1.5
2020  1  1   1 12.00  100.0  -19.0   45.0  6.114E+11  1.021E+13  2.523E+12 6.322E-10  175.7   809  1.498E+08  1.040E+11  4.580E+07  2.082E+05   68.2   69.2    2.5    3.0    0.0    0.0    2.0    2.9    1.5
2020  1  1   1 12.00  100.0  -18.0   45.0  6.100E+11  1.026E+13  2.537E+12 6.352E-10  175.6   808  1.506E+08  1.046E+11  4.548E+07  2.100E+05   68.2   69.2    2.5    3.0    0.0    0.0    2.0    2.9    1.5
2020  1  1   1 12.00  100.0  -17.0   45.0  6.081E+11  1.030E+13  2.549E+12 6.377E-10  175.6   808  1.513E+08  1.051E+11  4.515E+07  2.115E+05   68.2   69.2    2.5    3.0    0.0    0.0    2.0    2.9    1.5
2020  1  1   1 12.00  100.0  -16.0   45.0  6.057E+11  1.033E+13  2.559E+12 6.397E-10  175.6   807  1.519E+08  1.055E+11  4.479E+07  2.127E+05   68.2   69.2    2.5    3.0    0.0    0.0    2.0    2.9    1.5
2020  1  1   1 12.00  100.0  -15.0   45.0  6.028E+11  1.036E+13  2.567E+12 6.413E-10  175.6   807  1.524E+08  1.059E+11  4.442E+07  2.136E+05   68.2   69.2    2.5    3.0    0.0    0.0    2.0    2.9    1.5
2020  1  1   1 12.00  100.0  -14.0   45.0  5.996E+11  1.038E+13  2.573E+12 6.423E-10  175.7   806  1.528E+08  1.061E+11  4.403E+07  2.142E+05   68.2   69.2    2.5    3.0    0.0    0.0    2.0    2.9    1.5
2020  1  1   1 12.00  100.0  -13.0   45.0  5.959E+11  1.038E+13  2.577E+12 6.429E-10  175.8   806  1.531E+08  1.063E+11  4.363E+07  2.144E+05   68.2   69.2    2.5    3.0    0.0    0.0    2.0    2.9    1.5
2020  1  1   1 12.00  100.0  -12.0   45.0  5.919E+11  1.038E+13  2.579E+12 6.429E-10  175.9   805  1.532E+08  1.064E+11  4.321E+07  2.143E+05   68.2   69.2    2.5    3.0    0.0    0.0    2.0    2.9    1.5
2020  1  1   1 12.00  100.0  -11.0   45.0  5.876E+11  1.038E+13  2.579E+12 6.424E-10  176.1   805  1.533E+08  1.064E+11  4.278E+07  2.140E+05   68.2   69.2    2.5    3.0    0.0    0.0    2.0    2.9    1.5
2020  1  1   1 12.00  100.0  -10.0   45.0  5.829E+11  1.036E+13  2.578E+12 6.415E-10  176.3   804  1.533E+08  1.063E+11  4.235E+07  2.134E+05   68.2   69.2    2.5    3.0    0.0    0.0    2.0    2.9    1.5
2020  1  1   1 12.00  100.0   -9.0   45.0  5.781E+11  1.034E+13  2.574E+12 6.400E-10  176.5   804  1.531E+08  1.061E+11  4.190E+07  2.125E+05   68.2   69.2    2.5    3.0    0.0    0.0    2.0    2.9    1.5
2020  1  1   1 12.00  100.0   -8.0   45.0  5.730E+11  1.031E+13  2.568E+12 6.381E-10  176.7   804  1.529E+08  1.058E+11  4.145E+07  2.114E+05   68.2   69.2    2.5    3.0    0.0    0.0    2.0    2.9    1.5
2020  1  1   1 12.00  100.0   -7.0   45.0  5.677E+11  1.027E+13  2.560E+12 6.356E-10  177.0   803  1.525E+08  1.055E+11  4.099E+07  2.100E+05   68.2   69.2    2.5    3.0    0.0    0.0    2.0    2.9    1.5
2020  1  1   1 12.00  100.0   -6.0   45.0  5.623E+11  1.022E+13  2.550E+12 6.328E-10  177.3   803  1.521E+08  1.051E+11  4.052E+07  2.085E+05   68.2   69.2    2.5    3.0    0.0    0.0    2.0    2.9    1.5
2020  1  1   1 12.00  100.0   -5.0   45.0  5.567E+11  1.016E+13  2.539E+12 6.295E-10  177.6   803  1.516E+08  1.046E+11  4.006E+07  2.068E+05   68.2   69.2    2.5    3.0    0.0    0.0    2.0    2.9    1.5
2020  1  1   1 12.00  100.0   -4.0   45.0  5.511E+11  1.010E+13  2.525E+12 6.257E-10  177.9   803  1.510E+08  1.040E+11  3.959E+07  2.050E+05   68.2   69.2    2.5    3.0    0.0    0.0    2.0    2.9    1.5
2020  1  1   1 12.00  100.0   -3.0   45.0  5.454E+11  1.004E+13  2.510E+12 6.216E-10  178.1   802  1.503E+08  1.034E+11  3.912E+07  2.030E+05   68.2   69.2    2.5    3.0    0.0    0.0    2.0    2.9    1.5
2020  1  1   1 12.00  100.0   -2.0   45.0  5.397E+11  9.963E+12  2.494E+12 6.171E-10  178.4   802  1.496E+08  1.027E+11  3.865E+07  2.010E+05   68.2   69.2    2.5    3.0    0.0    0.0    2.0    2.9    1.5
2020  1  1   1 12.00  100.0   -1.0   45.0  5.339E+11  9.884E+12  2.476E+12 6.123E-10  178.7   801  1.488E+08  1.019E+11  3.818E+07  1.989E+05   68.2   69.2    2.5    3.0    0.0    0.0    2.0    2.9    1.5
2020  1  1   1 12.00  100.0    0.0   45.0  5.282E+11  9.800E+12  2.457E+12 6.072E-10  179.0   801  1.479E+08  1.011E+11  3.771E+07  1.967E+05   68.2   69.2    2.5    3.0    0.0    0.0    2.0    2.9    1.5
2020  1  1   1 12.00  100.0    1.0   45.0  5.225E+11  9.711E+12  2.437E+12 6.018E-10  179.3   801  1.470E+08  1.002E+11  3.724E+07  1.946E+05   68.2   69.2    2.5    3.0    0.0    0.0    2.0    2.9    1.5
2020  1  1   1 12.00  100.0    2.0   45.0  5.169E+11  9.619E+12  2.415E+12 5.961E-10  179.6   800  1.460E+08  9.931E+10  3.678E+07  1.924E+05   68.2   69.2    2.5    3.0    0.0    0.0    2.0    2.9    1.5
2020  1  1   1 12.00  100.0    3.0   45.0  5.114E+11  9.523E+12  2.393E+12 5.902E-10  179.9   799  1.450E+08  9.836E+10  3.632E+07  1.903E+05   68.2   69.2    2.5    3.0    0.0    0.0    2.0    2.9    1.5
2020  1  1   1 12.00  100.0    4.0   45.0  5.060E+11  9.423E+12  2.370E+12 5.842E-10  180.1   799  1.440E+08  9.737E+10  3.587E+07  1.882E+05   68.2   69.2    2.5    3.0    0.0    0.0    2.0    2.9    1.5
2020  1  1   1 12.00  100.0    5.0   45.0  5.007E+11  9.322E+12  2.346E+12 5.780E-10  180.4   798  1.430E+08  9.635E+10  3.542E+07  1.861E+05   68.2   69.2    2.5    3.0    0.0    0.0    2.0    2.9    1.5
2020  1  1   1 12.00  100.0    6.0   45.0  4.956E+11  9.218E+12  2.322E+12 5.717E-10  180.6   797  1.419E+08  9.531E+10  3.498E+07  1.841E+05   68.2   69.2    2.5    3.0    0.0    0.0    2.0    2.9    1.5
2020  1  1   1 12.00  100.0    7.0   45.0  4.906E+11  9.114E+12  2.297E+12 5.653E-10  180.8   796  1.408E+08  9.425E+10  3.454E+07  1.822E+05   68.2   69.2    2.5    3.0    0.0    0.0    2.0    2.9    1.5
2020  1  1   1 12.00  100.0    8.0   45.0  4.858E+11  9.008E+12  2.272E+12 5.589E-10  181.0   795  1.397E+08  9.318E+10  3.411E+07  1.804E+05   68.2   69.2    2.5    3.0    0.0    0.0    2.0    2.9    1.5
2020  1  1   1 12.00  100.0    9.0   45.0  4.811E+11  8.903E+12  2.247E+12 5.524E-10  181.2   794  1.386E+08  9.211E+10  3.369E+07  1.787E+05   68.2   69.2    2.5    3.0    0.0    0.0    2.0    2.9    1.5
2020  1  1   1 12.00  100.0   10.0   45.0  4.767E+11  8.797E+12  2.223E+12 5.460E-10  181.3   793  1.376E+08  9.103E+10  3.327E+07  1.771E+05   68.2   69.2    2.5    3.0    0.0    0.0    2.0    2.9    1.5
2020  1  1   1 12.00  100.0   11.0   45.0  4.725E+11  8.693E+12  2.198E+12 5.397E-10  181.5   792  1.365E+08  8.997E+10  3.287E+07  1.757E+05   68.2   69.2    2.5    3.0    0.0    0.0    2.0    2.9    1.5
2020  1  1   1 12.00  100.0   12.0   45.0  4.684E+11  8.590E+12  2.173E+12 5.334E-10  181.6   790  1.355E+08  8.891E+10  3.246E+07  1.743E+05   68.2   69.2    2.5    3.0    0.0    0.0    2.0    2.9    1.5
2020  1  1   1 12.00  100.0   13.0   45.0  4.646E+11  8.489E+12  2.149E+12 5.272E-10  181.7   789  1.345E+08  8.787E+10  3.207E+07  1.731E+05   68.2   69.2    2.5    3.0    0.0    0.0    2.0    2.9    1.5
2020  1  1   1 12.00  100.0   14.0   45.0  4.611E+11  8.390E+12  2.125E+12 5.212E-10  181.8   787  1.335E+08  8.685E+10  3.168E+07  1.719E+05   68.2   69.2    2.5    3.0    0.0    0.0    2.0    2.9    1.5
2020  1  1   1 12.00  100.0   15.0   45.0  4.577E+11  8.293E+12  2.102E+12 5.154E-10  181.8   785  1.325E+08  8.586E+10  3.130E+07  1.709E+05   68.2   69.2    2.5    3.0    0.0    0.0    2.0    2.9    1.5
2020  1  1   1 12.00  100.0   16.0   45.0  4.546E+11  8.200E+12  2.080E+12 5.097E-10  181.9   783  1.316E+08  8.489E+10  3.093E+07  1.700E+05   68.2   69.2    2.5    3.0    0.0    0.0    2.0    2.9    1.5
2020  1  1   1 12.00  100.0   17.0   45.0  4.518E+11  8.111E+12  2.059E+12 5.043E-10  181.9   781  1.308E+08  8.396E+10  3.056E+07  1.692E+05   68.2   69.2    2.5    3.0    0.0    0.0    2.0    2.9    1.5
2020  1  1   1 12.00  100.0   18.0   45.0  4.491E+11  8.025E+12  2.038E+12 4.990E-10  181.9   779  1.300E+08  8.307E+10  3.020E+07  1.685E+05   68.2   69.2    2.5    3.0    0.0    0.0    2.0    2.9    1.5
2020  1  1   1 12.00  100.0   19.0   45.0  4.467E+11  7.943E+12  2.018E+12 4.941E-10  181.9   777  1.292E+08  8.221E+10  2.985E+07  1.679E+05   68.2   69.2    2.5    3.0    0.0    0.0    2.0    2.9    1.5
2020  1  1   1 12.00  100.0   20.0   45.0  4.446E+11  7.866E+12  2.000E+12 4.894E-10  181.9   774  1.285E+08  8.140E+10  2.950E+07  1.674E+05   68.2   69.2    2.5    3.0    0.0    0.0    2.0    2.9    1.5
2020  1  1   1 12.00  100.0   21.0   45.0  4.427E+11  7.794E+12  1.982E+12 4.850E-10  181.9   772  1.279E+08  8.064E+10  2.916E+07  1.669E+05   68.2   69.2    2.5    3.0    0.0    0.0    2.0    2.9    1.5
2020  1  1   1 12.00  100.0   22.0   45.0  4.410E+11  7.726E+12  1.966E+12 4.809E-10  181.8   769  1.273E+08  7.992E+10  2.882E+07  1.666E+05   68.2   69.2    2.5    3.0    0.0    0.0    2.0    2.9    1.5
2020  1  1   1 12.00  100.0   23.0   45.0  4.396E+11  7.663E+12  1.951E+12 4.770E-10  181.8   767  1.268E+08  7.926E+10  2.849E+07  1.662E+05   68.2   69.2    2.5    3.0    0.0    0.0    2.0    2.9    1.5
2020  1  1   1 12.00  100.0   24.0   45.0  4.384E+11  7.605E+12  1.937E+12 4.736E-10  181.8   764  1.264E+08  7.865E+10  2.817E+07  1.659E+05   68.2   69.2    2.5    3.0    0.0    0.0    2.0    2.9    1.5
2020  1  1   1 12.00  100.0   25.0   45.0  4.374E+11  7.553E+12  1.924E+12 4.704E-10  181.7   761  1.260E+08  7.809E+10  2.785E+07  1.656E+05   68.2   69.2    2.5    3.0    0.0    0.0    2.0    2.9    1.5
2020  1  1   1 12.00  100.0   26.0   45.0  4.366E+11  7.506E+12  1.913E+12 4.675E-10  181.7   758  1.257E+08  7.758E+10  2.753E+07  1.653E+05   68.2   69.2    2.5    3.0    0.0    0.0    2.0    2.9    1.5
2020  1  1   1 12.00  100.0   27.0   45.0  4.361E+11  7.464E+12  1.903E+12 4.650E-10  181.6   755  1.254E+08  7.714E+10  2.722E+07  1.650E+05   68.2   69.2    2.5    3.0    0.0    0.0    2.0    2.9    1.5
2020  1  1   1 12.00  100.0   28.0   45.0  4.357E+11  7.428E+12  1.894E+12 4.629E-10  181.6   751  1.252E+08  7.674E+10  2.691E+07  1.647E+05   68.2   69.2    2.5    3.0    0.0    0.0    2.0    2.9    1.5
2020  1  1   1 12.00  100.0   29.0   45.0  4.356E+11  7.398E+12  1.887E+12 4.610E-10  181.5   748  1.251E+08  7.641E+10  2.660E+07  1.644E+05   68.2   69.2    2.5    3.0    0.0    0.0    2.0    2.9    1.5
2020  1  1   1 12.00  100.0   30.0   45.0  4.356E+11  7.373E+12  1.881E+12 4.595E-10  181.5   745  1.251E+08  7.613E+10  2.629E+07  1.640E+05   68.2   69.2    2.5    3.0    0.0    0.0    2.0    2.9    1.5
2020  1  1   1 12.00  100.0   31.0   45.0  4.358E+11  7.353E+12  1.876E+12 4.583E-10  181.5   741  1.251E+08  7.591E+10  2.599E+07  1.635E+05   68.2   69.2    2.5    3.0    0.0    0.0    2.0    2.9    1.5
2020  1  1   1 12.00  100.0   32.0   45.0  4.362E+11  7.339E+12  1.873E+12 4.575E-10  181.5   738  1.252E+08  7.575E+10  2.569E+07  1.629E+05   68.2   69.2    2.5    3.0    0.0    0.0    2.0    2.9    1.5
2020  1  1   1 12.00  100.0   33.0   45.0  4.367E+11  7.330E+12  1.871E+12 4.570E-10  181.5   735  1.254E+08  7.564E+10  2.539E+07  1.622E+05   68.2   69.2    2.5    3.0    0.0    0.0    2.0    2.9    1.5
2020  1  1   1 12.00  100.0   34.0   45.0  4.374E+11  7.326E+12  1.870E+12 4.568E-10  181.5   731  1.256E+08  7.558E+10  2.509E+07  1.614E+05   68.2   69.2    2.5    3.0    0.0    0.0    2.0    2.9    1.5
2020  1  1   1 12.00  100.0   35.0   45.0  4.382E+11  7.328E+12  1.870E+12 4.569E-10  181.5   728  1.259E+08  7.558E+10  2.479E+07  1.605E+05   68.2   69.2    2.5    3.0    0.0    0.0    2.0    2.9    1.5
2020  1  1   1 12.00  100.0   36.0   45.0  4.391E+11  7.334E+12  1.872E+12 4.573E-10  181.5   724  1.263E+08  7.563E+10  2.449E+07  1.594E+05   68.2   69.2    2.5    3.0    0.0    0.0    2.0    2.9    1.5
2020  1  1   1 12.00  100.0   37.0   45.0  4.400E+11  7.345E+12  1.875E+12 4.580E-10  181.5   720  1.267E+08  7.573E+10  2.419E+07  1.582E+05   68.2   69.2    2.5    3.0    0.0    0.0    2.0    2.9    1.5
2020  1  1   1 12.00  100.0   38.0   45.0  4.411E+11  7.360E+12  1.879E+12 4.590E-10  181.6   717  1.271E+08  7.587E+10  2.389E+07  1.568E+05   68.2   69.2    2.5    3.0    0.0    0.0    2.0    2.9    1.5
2020  1  1   1 12.00  100.0   39.0   45.0  4.422E+11  7.380E+12  1.884E+12 4.602E-10  181.6   713  1.276E+08  7.606E+10  2.359E+07  1.553E+05   68.2   69.2    2.5    3.0    0.0    0.0    2.0    2.9    1.5
2020  1  1   1 12.00  100.0   40.0   45.0  4.434E+11  7.404E+12  1.890E+12 4.616E-10  181.7   710  1.282E+08  7.630E+10  2.329E+07  1.536E+05   68.2   69.2    2.5    3.0    0.0    0.0    2.0    2.9    1.5
2020  1  1   1 12.00  100.0   41.0   45.0  4.446E+11  7.431E+12  1.896E+12 4.633E-10  181.8   707  1.288E+08  7.657E+10  2.298E+07  1.517E+05   68.2   69.2    2.5    3.0    0.0    0.0    2.0    2.9    1.5
2020  1  1   1 12.00  100.0   42.0   45.0  4.457E+11  7.461E+12  1.904E+12 4.652E-10  181.9   703  1.294E+08  7.688E+10  2.267E+07  1.497E+05   68.2   69.2    2.5    3.0    0.0    0.0    2.0    2.9    1.5
2020  1  1   1 12.00  100.0   43.0   45.0  4.469E+11  7.495E+12  1.912E+12 4.673E-10  182.1   700  1.301E+08  7.722E+10  2.236E+07  1.475E+05   68.2   69.2    2.5    3.0    0.0    0.0    2.0    2.9    1.5
2020  1  1   1 12.00  100.0   44.0   45.0  4.480E+11  7.531E+12  1.921E+12 4.695E-10  182.2   697  1.308E+08  7.759E+10  2.205E+07  1.452E+05   68.2   69.2    2.5    3.0    0.0    0.0    2.0    2.9    1.5
2020  1  1   1 12.00  100.0   45.0   45.0  4.491E+11  7.569E+12  1.931E+12 4.718E-10  182.4   693  1.315E+08  7.798E+10  2.174E+07  1.427E+05   68.2   69.2    2.5    3.0    0.0    0.0    2.0    2.9    1.5
2020  1  1   1 12.00  100.0   46.0   45.0  4.500E+11  7.609E+12  1.941E+12 4.742E-10  182.5   690  1.322E+08  7.840E+10  2.142E+07  1.401E+05   68.2   69.2    2.5    3.0    0.0    0.0    2.0    2.9    1.5
2020  1  1   1 12.00  100.0   47.0   45.0  4.509E+11  7.650E+12  1.951E+12 4.768E-10  182.7   687  1.329E+08  7.883E+10  2.110E+07  1.374E+05   68.2   69.2    2.5    3.0    0.0    0.0    2.0    2.9    1.5
2020  1  1   1 12.00  100.0   48.0   45.0  4.516E+11  7.692E+12  1.962E+12 4.793E-10  182.9   684  1.337E+08  7.927E+10  2.078E+07  1.345E+05   68.2   69.2    2.5    3.0    0.0    0.0    2.0    2.9    1.5
2020  1  1   1 12.00  100.0   49.0   45.0  4.523E+11  7.735E+12  1.972E+12 4.819E-10  183.2   681  1.344E+08  7.971E+10  2.045E+07  1.316E+05   68.2   69.2    2.5    3.0    0.0    0.0    2.0    2.9    1.5
2020  1  1   1 12.00  100.0   50.0   45.0  4.527E+11  7.777E+12  1.983E+12 4.845E-10  183.4   678  1.351E+08  8.016E+10  2.012E+07  1.286E+05   68.2   69.2    2.5    3.0    0.0    0.0    2.0    2.9    1.5
2020  1  1   1 12.00  100.0   51.0   45.0  4.530E+11  7.818E+12  1.993E+12 4.870E-10  183.6   675  1.358E+08  8.060E+10  1.979E+07  1.255E+05   68.2   69.2    2.5    3.0    0.0    0.0    2.0    2.9    1.5
2020  1  1   1 12.00  100.0   52.0   45.0  4.531E+11  7.858E+12  2.003E+12 4.894E-10  183.9   672  1.365E+08  8.104E+10  1.946E+07  1.223E+05   68.2   69.2    2.5    3.0    0.0    0.0    2.0    2.9    1.5
2020  1  1   1 12.00  100.0   53.0   45.0  4.530E+11  7.897E+12  2.013E+12 4.917E-10  184.1   670  1.371E+08  8.146E+10  1.913E+07  1.192E+05   68.2   69.2    2.5    3.0    0.0    0.0    2.0    2.9    1.5
2020  1  1   1 12.00  100.0   54.0   45.0  4.527E+11  7.934E+12  2.022E+12 4.939E-10  184.4   667  1.377E+08  8.186E+10  1.880E+07  1.160E+05   68.2   69.2    2.5    3.0    0.0    0.0    2.0    2.9    1.5
2020  1  1   1 12.00  100.0   55.0   45.0  4.521E+11  7.967E+12  2.030E+12 4.960E-10  184.7   664  1.383E+08  8.223E+10  1.846E+07  1.129E+05   68.2   69.2    2.5    3.0    0.0    0.0    2.0    2.9    1.5
2020  1  1   1 12.00  100.0   56.0   45.0  4.514E+11  7.998E+12  2.038E+12 4.978E-10  185.0   662  1.388E+08  8.257E+10  1.813E+07  1.097E+05   68.2   69.2    2.5    3.0    0.0    0.0    2.0    2.9    1.5
2020  1  1   1 12.00  100.0   57.0   45.0  4.503E+11  8.025E+12  2.045E+12 4.994E-10  185.3   659  1.392E+08  8.289E+10  1.780E+07  1.066E+05   68.2   69.2    2.5    3.0    0.0    0.0    2.0    2.9    1.5
2020  1  1   1 12.00  100.0   58.0   45.0  4.491E+11  8.049E+12  2.051E+12 5.008E-10  185.6   657  1.396E+08  8.316E+10  1.747E+07  1.035E+05   68.2   69.2    2.5    3.0    0.0    0.0    2.0    2.9    1.5
2020  1  1   1 12.00  100.0   59.0   45.0  4.476E+11  8.068E+12  2.056E+12 5.019E-10  185.9   655  1.400E+08  8.339E+10  1.714E+07  1.005E+05   68.2   69.2    2.5    3.0    0.0    0.0    2.0    2.9    1.5
