Year Mon Day DOY hour Heit(km) Lat  Lon Oden(cm-3) N2den(cm-3) O2den(cm-3) air(gm/cm3) T(K) exoT(K) Heden(cm-3)Arden(cm-3) Hden(cm-3) Nden(cm-3) F107 F107a apdaily  ap0-3 ap3-6 ap6-9 ap9-12 ap12-33 ap33-59
2020  1  1   1 12.00  100.0   55.0    0.0  4.555E+11  8.160E+12  2.090E+12 5.083E-10  184.4   676  1.405E+08  8.412E+10  1.866E+07  1.068E+05   68.2   69.2    2.5    3.0    3.0    0.0    0.0    2.8    1.9
2020  1  1   1 12.00  100.0   55.0    1.0  4.554E+11  8.155E+12  2.088E+12 5.080E-10  184.5   675  1.404E+08  8.408E+10  1.866E+07  1.069E+05   68.2   69.2    2.5    3.0    0.0    0.0    2.0    2.9    1.5
2020  1  1   1 12.00  100.0   55.0    2.0  4.553E+11  8.151E+12  2.087E+12 5.077E-10  184.5   675  1.404E+08  8.404E+10  1.865E+07  1.070E+05   68.2   69.2    2.5    3.0    0.0    0.0    2.0    2.9    1.5
2020  1  1   1 12.00  100.0   55.0    3.0  4.552E+11  8.147E+12  2.086E+12 5.075E-10  184.5   675  1.403E+08  8.400E+10  1.864E+07  1.071E+05   68.2   69.2    2.5    3.0    0.0    0.0    2.0    2.9    1.5
2020  1  1   1 12.00  100.0   55.0    4.0  4.552E+11  8.143E+12  2.084E+12 5.072E-10  184.5   675  1.403E+08  8.395E+10  1.864E+07  1.072E+05   68.2   69.2    2.5    3.0    0.0    0.0    2.0    2.9    1.5
2020  1  1   1 12.00  100.0   55.0    5.0  4.551E+11  8.138E+12  2.083E+12 5.069E-10  184.5   674  1.402E+08  8.391E+10  1.863E+07  1.074E+05   68.2   69.2    2.5    3.0    0.0    0.0    2.0    2.9    1.5
2020  1  1   1 12.00  100.0   55.0    6.0  4.550E+11  8.134E+12  2.081E+12 5.066E-10  184.5   674  1.402E+08  8.387E+10  1.863E+07  1.075E+05   68.2   69.2    2.5    3.0    0.0    0.0    2.0    2.9    1.5
2020  1  1   1 12.00  100.0   55.0    7.0  4.549E+11  8.130E+12  2.080E+12 5.063E-10  184.5   674  1.401E+08  8.382E+10  1.862E+07  1.076E+05   68.2   69.2    2.5    3.0    0.0    0.0    2.0    2.9    1.5
2020  1  1   1 12.00  100.0   55.0    8.0  4.548E+11  8.125E+12  2.079E+12 5.061E-10  184.5   674  1.401E+08  8.378E+10  1.861E+07  1.077E+05   68.2   69.2    2.5    3.0    0.0    0.0    2.0    2.9    1.5
2020  1  1   1 12.00  100.0   55.0    9.0  4.547E+11  8.121E+12  2.077E+12 5.058E-10  184.5   673  1.400E+08  8.374E+10  1.861E+07  1.079E+05   68.2   69.2    2.5    3.0    0.0    0.0    2.0    2.9    1.5
2020  1  1   1 12.00  100.0   55.0   10.0  4.546E+11  8.116E+12  2.076E+12 5.055E-10  184.5   673  1.400E+08  8.369E+10  1.860E+07  1.080E+05   68.2   69.2    2.5    3.0    0.0    0.0    2.0    2.9    1.5
2020  1  1   1 12.00  100.0   55.0   11.0  4.545E+11  8.112E+12  2.075E+12 5.052E-10  184.5   673  1.399E+08  8.365E+10  1.860E+07  1.081E+05   68.2   69.2    2.5    3.0    0.0    0.0    2.0    2.9    1.5
2020  1  1   1 12.00  100.0   55.0   12.0  4.544E+11  8.108E+12  2.073E+12 5.049E-10  184.5   673  1.399E+08  8.360E+10  1.859E+07  1.082E+05   68.2   69.2    2.5    3.0    0.0    0.0    2.0    2.9    1.5
2020  1  1   1 12.00  100.0   55.0   13.0  4.543E+11  8.103E+12  2.072E+12 5.046E-10  184.6   672  1.398E+08  8.356E+10  1.859E+07  1.084E+05   68.2   69.2    2.5    3.0    0.0    0.0    2.0    2.9    1.5
2020  1  1   1 12.00  100.0   55.0   14.0  4.542E+11  8.099E+12  2.071E+12 5.044E-10  184.6   672  1.398E+08  8.352E+10  1.858E+07  1.085E+05   68.2   69.2    2.5    3.0    0.0    0.0    2.0    2.9    1.5
2020  1  1   1 12.00  100.0   55.0   15.0  4.541E+11  8.094E+12  2.069E+12 5.041E-10  184.6   672  1.397E+08  8.347E+10  1.858E+07  1.086E+05   68.2   69.2    2.5    3.0    0.0    0.0    2.0    2.9    1.5
2020  1  1   1 12.00  100.0   55.0   16.0  4.541E+11  8.090E+12  2.068E+12 5.038E-10  184.6   672  1.397E+08  8.343E+10  1.857E+07  1.088E+05   68.2   69.2    2.5    3.0    0.0    0.0    2.0    2.9    1.5
2020  1  1   1 12.00  100.0   55.0   17.0  4.540E+11  8.086E+12  2.066E+12 5.035E-10  184.6   671  1.396E+08  8.339E+10  1.857E+07  1.089E+05   68.2   69.2    2.5    3.0    0.0    0.0    2.0    2.9    1.5
2020  1  1   1 12.00  100.0   55.0   18.0  4.539E+11  8.081E+12  2.065E+12 5.032E-10  184.6   671  1.396E+08  8.334E+10  1.856E+07  1.090E+05   68.2   69.2    2.5    3.0    0.0    0.0    2.0    2.9    1.5
2020  1  1   1 12.00  100.0   55.0   19.0  4.538E+11  8.077E+12  2.064E+12 5.029E-10  184.6   671  1.395E+08  8.330E+10  1.856E+07  1.092E+05   68.2   69.2    2.5    3.0    0.0    0.0    2.0    2.9    1.5
2020  1  1   1 12.00  100.0   55.0   20.0  4.537E+11  8.072E+12  2.062E+12 5.027E-10  184.6   671  1.395E+08  8.326E+10  1.855E+07  1.093E+05   68.2   69.2    2.5    3.0    0.0    0.0    2.0    2.9    1.5
2020  1  1   1 12.00  100.0   55.0   21.0  4.536E+11  8.068E+12  2.061E+12 5.024E-10  184.6   670  1.394E+08  8.321E+10  1.855E+07  1.094E+05   68.2   69.2    2.5    3.0    0.0    0.0    2.0    2.9    1.5
2020  1  1   1 12.00  100.0   55.0   22.0  4.536E+11  8.064E+12  2.060E+12 5.021E-10  184.6   670  1.394E+08  8.317E+10  1.854E+07  1.096E+05   68.2   69.2    2.5    3.0    0.0    0.0    2.0    2.9    1.5
2020  1  1   1 12.00  100.0   55.0   23.0  4.535E+11  8.059E+12  2.058E+12 5.018E-10  184.6   670  1.393E+08  8.313E+10  1.854E+07  1.097E+05   68.2   69.2    2.5    3.0    0.0    0.0    2.0    2.9    1.5
2020  1  1   1 12.00  100.0   55.0   24.0  4.534E+11  8.055E+12  2.057E+12 5.015E-10  184.6   670  1.393E+08  8.308E+10  1.853E+07  1.099E+05   68.2   69.2    2.5    3.0    0.0    0.0    2.0    2.9    1.5
2020  1  1   1 12.00  100.0   55.0   25.0  4.533E+11  8.050E+12  2.056E+12 5.013E-10  184.6   669  1.392E+08  8.304E+10  1.853E+07  1.100E+05   68.2   69.2    2.5    3.0    0.0    0.0    2.0    2.9    1.5
2020  1  1   1 12.00  100.0   55.0   26.0  4.533E+11  8.046E+12  2.054E+12 5.010E-10  184.6   669  1.392E+08  8.300E+10  1.852E+07  1.101E+05   68.2   69.2    2.5    3.0    0.0    0.0    2.0    2.9    1.5
2020  1  1   1 12.00  100.0   55.0   27.0  4.532E+11  8.042E+12  2.053E+12 5.007E-10  184.6   669  1.391E+08  8.295E+10  1.852E+07  1.103E+05   68.2   69.2    2.5    3.0    0.0    0.0    2.0    2.9    1.5
2020  1  1   1 12.00  100.0   55.0   28.0  4.531E+11  8.037E+12  2.052E+12 5.004E-10  184.6   669  1.391E+08  8.291E+10  1.852E+07  1.104E+05   68.2   69.2    2.5    3.0    0.0    0.0    2.0    2.9    1.5
2020  1  1   1 12.00  100.0   55.0   29.0  4.530E+11  8.033E+12  2.050E+12 5.002E-10  184.7   668  1.390E+08  8.287E+10  1.851E+07  1.106E+05   68.2   69.2    2.5    3.0    0.0    0.0    2.0    2.9    1.5
2020  1  1   1 12.00  100.0   55.0   30.0  4.530E+11  8.029E+12  2.049E+12 4.999E-10  184.7   668  1.390E+08  8.283E+10  1.851E+07  1.107E+05   68.2   69.2    2.5    3.0    0.0    0.0    2.0    2.9    1.5
2020  1  1   1 12.00  100.0   55.0   31.0  4.529E+11  8.025E+12  2.048E+12 4.996E-10  184.7   668  1.389E+08  8.279E+10  1.850E+07  1.108E+05   68.2   69.2    2.5    3.0    0.0    0.0    2.0    2.9    1.5
2020  1  1   1 12.00  100.0   55.0   32.0  4.528E+11  8.020E+12  2.046E+12 4.993E-10  184.7   668  1.389E+08  8.274E+10  1.850E+07  1.110E+05   68.2   69.2    2.5    3.0    0.0    0.0    2.0    2.9    1.5
2020  1  1   1 12.00  100.0   55.0   33.0  4.528E+11  8.016E+12  2.045E+12 4.991E-10  184.7   667  1.388E+08  8.270E+10  1.850E+07  1.111E+05   68.2   69.2    2.5    3.0    0.0    0.0    2.0    2.9    1.5
2020  1  1   1 12.00  100.0   55.0   34.0  4.527E+11  8.012E+12  2.044E+12 4.988E-10  184.7   667  1.388E+08  8.266E+10  1.849E+07  1.113E+05   68.2   69.2    2.5    3.0    0.0    0.0    2.0    2.9    1.5
2020  1  1   1 12.00  100.0   55.0   35.0  4.527E+11  8.008E+12  2.043E+12 4.985E-10  184.7   667  1.387E+08  8.262E+10  1.849E+07  1.114E+05   68.2   69.2    2.5    3.0    0.0    0.0    2.0    2.9    1.5
2020  1  1   1 12.00  100.0   55.0   36.0  4.526E+11  8.003E+12  2.041E+12 4.983E-10  184.7   667  1.387E+08  8.258E+10  1.849E+07  1.116E+05   68.2   69.2    2.5    3.0    0.0    0.0    2.0    2.9    1.5
2020  1  1   1 12.00  100.0   55.0   37.0  4.525E+11  7.999E+12  2.040E+12 4.980E-10  184.7   666  1.387E+08  8.254E+10  1.848E+07  1.117E+05   68.2   69.2    2.5    3.0    0.0    0.0    2.0    2.9    1.5
2020  1  1   1 12.00  100.0   55.0   38.0  4.525E+11  7.995E+12  2.039E+12 4.977E-10  184.7   666  1.386E+08  8.250E+10  1.848E+07  1.119E+05   68.2   69.2    2.5    3.0    0.0    0.0    2.0    2.9    1.5
2020  1  1   1 12.00  100.0   55.0   39.0  4.524E+11  7.991E+12  2.038E+12 4.975E-10  184.7   666  1.386E+08  8.246E+10  1.848E+07  1.120E+05   68.2   69.2    2.5    3.0    0.0    0.0    2.0    2.9    1.5
2020  1  1   1 12.00  100.0   55.0   40.0  4.524E+11  7.987E+12  2.036E+12 4.972E-10  184.7   666  1.385E+08  8.242E+10  1.848E+07  1.121E+05   68.2   69.2    2.5    3.0    0.0    0.0    2.0    2.9    1.5
2020  1  1   1 12.00  100.0   55.0   41.0  4.523E+11  7.983E+12  2.035E+12 4.970E-10  184.7   665  1.385E+08  8.238E+10  1.847E+07  1.123E+05   68.2   69.2    2.5    3.0    0.0    0.0    2.0    2.9    1.5
2020  1  1   1 12.00  100.0   55.0   42.0  4.523E+11  7.979E+12  2.034E+12 4.967E-10  184.7   665  1.384E+08  8.234E+10  1.847E+07  1.124E+05   68.2   69.2    2.5    3.0    0.0    0.0    2.0    2.9    1.5
2020  1  1   1 12.00  100.0   55.0   43.0  4.522E+11  7.975E+12  2.033E+12 4.965E-10  184.7   665  1.384E+08  8.231E+10  1.847E+07  1.126E+05   68.2   69.2    2.5    3.0    0.0    0.0    2.0    2.9    1.5
2020  1  1   1 12.00  100.0   55.0   44.0  4.522E+11  7.971E+12  2.032E+12 4.962E-10  184.7   665  1.383E+08  8.227E+10  1.847E+07  1.127E+05   68.2   69.2    2.5    3.0    0.0    0.0    2.0    2.9    1.5
2020  1  1   1 12.00  100.0   55.0   45.0  4.521E+11  7.967E+12  2.030E+12 4.960E-10  184.7   664  1.383E+08  8.223E+10  1.846E+07  1.129E+05   68.2   69.2    2.5    3.0    0.0    0.0    2.0    2.9    1.5
2020  1  1   1 12.00  100.0   55.0   46.0  4.521E+11  7.964E+12  2.029E+12 4.957E-10  184.7   664  1.382E+08  8.219E+10  1.846E+07  1.130E+05   68.2   69.2    2.5    0.0    0.0    2.0    3.0    2.9    1.5
2020  1  1   1 12.00  100.0   55.0   47.0  4.520E+11  7.960E+12  2.028E+12 4.955E-10  184.7   664  1.382E+08  8.216E+10  1.846E+07  1.131E+05   68.2   69.2    2.5    0.0    0.0    2.0    3.0    2.9    1.5
2020  1  1   1 12.00  100.0   55.0   48.0  4.520E+11  7.956E+12  2.027E+12 4.953E-10  184.7   664  1.382E+08  8.212E+10  1.846E+07  1.133E+05   68.2   69.2    2.5    0.0    0.0    2.0    3.0    2.9    1.5
2020  1  1   1 12.00  100.0   55.0   49.0  4.520E+11  7.952E+12  2.026E+12 4.950E-10  184.7   663  1.381E+08  8.208E+10  1.846E+07  1.134E+05   68.2   69.2    2.5    0.0    0.0    2.0    3.0    2.9    1.5
2020  1  1   1 12.00  100.0   55.0   50.0  4.519E+11  7.949E+12  2.025E+12 4.948E-10  184.7   663  1.381E+08  8.205E+10  1.846E+07  1.136E+05   68.2   69.2    2.5    0.0    0.0    2.0    3.0    2.9    1.5
2020  1  1   1 12.00  100.0   55.0   51.0  4.519E+11  7.945E+12  2.024E+12 4.946E-10  184.7   663  1.380E+08  8.201E+10  1.845E+07  1.137E+05   68.2   69.2    2.5    0.0    0.0    2.0    3.0    2.9    1.5
2020  1  1   1 12.00  100.0   55.0   52.0  4.519E+11  7.941E+12  2.023E+12 4.943E-10  184.7   663  1.380E+08  8.198E+10  1.845E+07  1.138E+05   68.2   69.2    2.5    0.0    0.0    2.0    3.0    2.9    1.5
2020  1  1   1 12.00  100.0   55.0   53.0  4.518E+11  7.938E+12  2.022E+12 4.941E-10  184.7   663  1.379E+08  8.194E+10  1.845E+07  1.140E+05   68.2   69.2    2.5    0.0    0.0    2.0    3.0    2.9    1.5
2020  1  1   1 12.00  100.0   55.0   54.0  4.518E+11  7.934E+12  2.021E+12 4.939E-10  184.7   662  1.379E+08  8.191E+10  1.845E+07  1.141E+05   68.2   69.2    2.5    0.0    0.0    2.0    3.0    2.9    1.5
2020  1  1   1 12.00  100.0   55.0   55.0  4.518E+11  7.931E+12  2.020E+12 4.937E-10  184.7   662  1.379E+08  8.188E+10  1.845E+07  1.143E+05   68.2   69.2    2.5    0.0    0.0    2.0    3.0    2.9    1.5
2020  1  1   1 12.00  100.0   55.0   56.0  4.517E+11  7.927E+12  2.019E+12 4.934E-10  184.7   662  1.378E+08  8.184E+10  1.845E+07  1.144E+05   68.2   69.2    2.5    0.0    0.0    2.0    3.0    2.9    1.5
2020  1  1   1 12.00  100.0   55.0   57.0  4.517E+11  7.924E+12  2.018E+12 4.932E-10  184.7   662  1.378E+08  8.181E+10  1.845E+07  1.145E+05   68.2   69.2    2.5    0.0    0.0    2.0    3.0    2.9    1.5
2020  1  1   1 12.00  100.0   55.0   58.0  4.517E+11  7.921E+12  2.017E+12 4.930E-10  184.7   662  1.377E+08  8.178E+10  1.845E+07  1.147E+05   68.2   69.2    2.5    0.0    0.0    2.0    3.0    2.9    1.5
2020  1  1   1 12.00  100.0   55.0   59.0  4.517E+11  7.917E+12  2.016E+12 4.928E-10  184.7   661  1.377E+08  8.175E+10  1.845E+07  1.148E+05   68.2   69.2    2.5    0.0    0.0    2.0    3.0    2.9    1.5
2020  1  1   1 12.00  100.0   55.0   60.0  4.517E+11  7.914E+12  2.015E+12 4.926E-10  184.7   661  1.377E+08  8.172E+10  1.845E+07  1.149E+05   68.2   69.2    2.5    0.0    0.0    2.0    3.0    2.9    1.5
2020  1  1   1 12.00  100.0   55.0   61.0  4.516E+11  7.911E+12  2.014E+12 4.924E-10  184.7   661  1.376E+08  8.169E+10  1.845E+07  1.151E+05   68.2   69.2    2.5    0.0    0.0    2.0    3.0    2.9    1.5
2020  1  1   1 12.00  100.0   55.0   62.0  4.516E+11  7.908E+12  2.013E+12 4.922E-10  184.7   661  1.376E+08  8.166E+10  1.845E+07  1.152E+05   68.2   69.2    2.5    0.0    0.0    2.0    3.0    2.9    1.5
2020  1  1   1 12.00  100.0   55.0   63.0  4.516E+11  7.905E+12  2.012E+12 4.920E-10  184.7   661  1.376E+08  8.163E+10  1.845E+07  1.153E+05   68.2   69.2    2.5    0.0    0.0    2.0    3.0    2.9    1.5
2020  1  1   1 12.00  100.0   55.0   64.0  4.516E+11  7.902E+12  2.011E+12 4.918E-10  184.7   660  1.375E+08  8.160E+10  1.845E+07  1.155E+05   68.2   69.2    2.5    0.0    0.0    2.0    3.0    2.9    1.5
2020  1  1   1 12.00  100.0   55.0   65.0  4.516E+11  7.899E+12  2.010E+12 4.917E-10  184.7   660  1.375E+08  8.157E+10  1.845E+07  1.156E+05   68.2   69.2    2.5    0.0    0.0    2.0    3.0    2.9    1.5
2020  1  1   1 12.00  100.0   55.0   66.0  4.516E+11  7.896E+12  2.009E+12 4.915E-10  184.7   660  1.374E+08  8.155E+10  1.845E+07  1.157E+05   68.2   69.2    2.5    0.0    0.0    2.0    3.0    2.9    1.5
2020  1  1   1 12.00  100.0   55.0   67.0  4.516E+11  7.893E+12  2.009E+12 4.913E-10  184.7   660  1.374E+08  8.152E+10  1.845E+07  1.158E+05   68.2   69.2    2.5    0.0    0.0    2.0    3.0    2.9    1.5
2020  1  1   1 12.00  100.0   55.0   68.0  4.516E+11  7.890E+12  2.008E+12 4.911E-10  184.7   660  1.374E+08  8.149E+10  1.845E+07  1.160E+05   68.2   69.2    2.5    0.0    0.0    2.0    3.0    2.9    1.5
2020  1  1   1 12.00  100.0   55.0   69.0  4.516E+11  7.888E+12  2.007E+12 4.910E-10  184.7   660  1.373E+08  8.147E+10  1.845E+07  1.161E+05   68.2   69.2    2.5    0.0    0.0    2.0    3.0    2.9    1.5
2020  1  1   1 12.00  100.0   55.0   70.0  4.516E+11  7.885E+12  2.006E+12 4.908E-10  184.7   659  1.373E+08  8.144E+10  1.845E+07  1.162E+05   68.2   69.2    2.5    0.0    0.0    2.0    3.0    2.9    1.5
2020  1  1   1 12.00  100.0   55.0   71.0  4.516E+11  7.882E+12  2.006E+12 4.906E-10  184.7   659  1.373E+08  8.142E+10  1.845E+07  1.163E+05   68.2   69.2    2.5    0.0    0.0    2.0    3.0    2.9    1.5
2020  1  1   1 12.00  100.0   55.0   72.0  4.516E+11  7.880E+12  2.005E+12 4.905E-10  184.7   659  1.373E+08  8.139E+10  1.845E+07  1.164E+05   68.2   69.2    2.5    0.0    0.0    2.0    3.0    2.9    1.5
2020  1  1   1 12.00  100.0   55.0   73.0  4.516E+11  7.877E+12  2.004E+12 4.903E-10  184.7   659  1.372E+08  8.137E+10  1.845E+07  1.166E+05   68.2   69.2    2.5    0.0    0.0    2.0    3.0    2.9    1.5
2020  1  1   1 12.00  100.0   55.0   74.0  4.516E+11  7.875E+12  2.003E+12 4.902E-10  184.7   659  1.372E+08  8.135E+10  1.845E+07  1.167E+05   68.2   69.2    2.5    0.0    0.0    2.0    3.0    2.9    1.5
2020  1  1   1 12.00  100.0   55.0   75.0  4.516E+11  7.873E+12  2.003E+12 4.900E-10  184.7   659  1.372E+08  8.133E+10  1.845E+07  1.168E+05   68.2   69.2    2.5    0.0    0.0    2.0    3.0    2.9    1.5
2020  1  1   1 12.00  100.0   55.0   76.0  4.516E+11  7.870E+12  2.002E+12 4.899E-10  184.7   658  1.371E+08  8.131E+10  1.846E+07  1.169E+05   68.2   69.2    2.5    0.0    0.0    2.0    3.0    2.9    1.5
2020  1  1   1 12.00  100.0   55.0   77.0  4.516E+11  7.868E+12  2.001E+12 4.897E-10  184.7   658  1.371E+08  8.129E+10  1.846E+07  1.170E+05   68.2   69.2    2.5    0.0    0.0    2.0    3.0    2.9    1.5
2020  1  1   1 12.00  100.0   55.0   78.0  4.516E+11  7.866E+12  2.001E+12 4.896E-10  184.7   658  1.371E+08  8.127E+10  1.846E+07  1.171E+05   68.2   69.2    2.5    0.0    0.0    2.0    3.0    2.9    1.5
2020  1  1   1 12.00  100.0   55.0   79.0  4.517E+11  7.864E+12  2.000E+12 4.895E-10  184.7   658  1.371E+08  8.125E+10  1.846E+07  1.172E+05   68.2   69.2    2.5    0.0    0.0    2.0    3.0    2.9    1.5
2020  1  1   1 12.00  100.0   55.0   80.0  4.517E+11  7.862E+12  2.000E+12 4.894E-10  184.7   658  1.370E+08  8.123E+10  1.846E+07  1.173E+05   68.2   69.2    2.5    0.0    0.0    2.0    3.0    2.9    1.5
2020  1  1   1 12.00  100.0   55.0   81.0  4.517E+11  7.860E+12  1.999E+12 4.892E-10  184.7   658  1.370E+08  8.121E+10  1.847E+07  1.174E+05   68.2   69.2    2.5    0.0    0.0    2.0    3.0    2.9    1.5
2020  1  1   1 12.00  100.0   55.0   82.0  4.517E+11  7.858E+12  1.999E+12 4.891E-10  184.6   658  1.370E+08  8.119E+10  1.847E+07  1.175E+05   68.2   69.2    2.5    0.0    0.0    2.0    3.0    2.9    1.5
2020  1  1   1 12.00  100.0   55.0   83.0  4.517E+11  7.856E+12  1.998E+12 4.890E-10  184.6   657  1.370E+08  8.118E+10  1.847E+07  1.176E+05   68.2   69.2    2.5    0.0    0.0    2.0    3.0    2.9    1.5
2020  1  1   1 12.00  100.0   55.0   84.0  4.518E+11  7.855E+12  1.998E+12 4.889E-10  184.6   657  1.369E+08  8.116E+10  1.847E+07  1.177E+05   68.2   69.2    2.5    0.0    0.0    2.0    3.0    2.9    1.5
2020  1  1   1 12.00  100.0   55.0   85.0  4.518E+11  7.853E+12  1.997E+12 4.888E-10  184.6   657  1.369E+08  8.115E+10  1.848E+07  1.178E+05   68.2   69.2    2.5    0.0    0.0    2.0    3.0    2.9    1.5
2020  1  1   1 12.00  100.0   55.0   86.0  4.518E+11  7.851E+12  1.997E+12 4.887E-10  184.6   657  1.369E+08  8.113E+10  1.848E+07  1.179E+05   68.2   69.2    2.5    0.0    0.0    2.0    3.0    2.9    1.5
2020  1  1   1 12.00  100.0   55.0   87.0  4.518E+11  7.850E+12  1.996E+12 4.886E-10  184.6   657  1.369E+08  8.112E+10  1.848E+07  1.180E+05   68.2   69.2    2.5    0.0    0.0    2.0    3.0    2.9    1.5
2020  1  1   1 12.00  100.0   55.0   88.0  4.519E+11  7.848E+12  1.996E+12 4.885E-10  184.6   657  1.369E+08  8.111E+10  1.848E+07  1.181E+05   68.2   69.2    2.5    0.0    0.0    2.0    3.0    2.9    1.5
2020  1  1   1 12.00  100.0   55.0   89.0  4.519E+11  7.847E+12  1.996E+12 4.884E-10  184.6   657  1.369E+08  8.109E+10  1.849E+07  1.182E+05   68.2   69.2    2.5    0.0    0.0    2.0    3.0    2.9    1.5
2020  1  1   1 12.00  100.0   55.0   90.0  4.519E+11  7.845E+12  1.995E+12 4.884E-10  184.6   657  1.368E+08  8.108E+10  1.849E+07  1.183E+05   68.2   69.2    2.5    0.0    0.0    2.0    3.0    2.9    1.5
2020  1  1   1 12.00  100.0   55.0   91.0  4.520E+11  7.844E+12  1.995E+12 4.883E-10  184.6   657  1.368E+08  8.107E+10  1.849E+07  1.184E+05   68.2   69.2    2.5    0.0    2.0    3.0    5.0    2.5    1.2
2020  1  1   1 12.00  100.0   55.0   92.0  4.520E+11  7.843E+12  1.995E+12 4.882E-10  184.6   657  1.368E+08  8.106E+10  1.850E+07  1.185E+05   68.2   69.2    2.5    0.0    2.0    3.0    5.0    2.5    1.2
2020  1  1   1 12.00  100.0   55.0   93.0  4.521E+11  7.842E+12  1.994E+12 4.881E-10  184.6   657  1.368E+08  8.105E+10  1.850E+07  1.185E+05   68.2   69.2    2.5    0.0    2.0    3.0    5.0    2.5    1.2
2020  1  1   1 12.00  100.0   55.0   94.0  4.521E+11  7.841E+12  1.994E+12 4.881E-10  184.6   656  1.368E+08  8.104E+10  1.850E+07  1.186E+05   68.2   69.2    2.5    0.0    2.0    3.0    5.0    2.5    1.2
2020  1  1   1 12.00  100.0   55.0   95.0  4.521E+11  7.840E+12  1.994E+12 4.880E-10  184.6   656  1.368E+08  8.103E+10  1.851E+07  1.187E+05   68.2   69.2    2.5    0.0    2.0    3.0    5.0    2.5    1.2
2020  1  1   1 12.00  100.0   55.0   96.0  4.522E+11  7.839E+12  1.994E+12 4.880E-10  184.6   656  1.367E+08  8.103E+10  1.851E+07  1.188E+05   68.2   69.2    2.5    0.0    2.0    3.0    5.0    2.5    1.2
2020  1  1   1 12.00  100.0   55.0   97.0  4.522E+11  7.838E+12  1.994E+12 4.879E-10  184.6   656  1.367E+08  8.102E+10  1.852E+07  1.188E+05   68.2   69.2    2.5    0.0    2.0    3.0    5.0    2.5    1.2
2020  1  1   1 12.00  100.0   55.0   98.0  4.523E+11  7.837E+12  1.993E+12 4.879E-10  184.5   656  1.367E+08  8.101E+10  1.852E+07  1.189E+05   68.2   69.2    2.5    0.0    2.0    3.0    5.0    2.5    1.2
2020  1  1   1 12.00  100.0   55.0   99.0  4.523E+11  7.837E+12  1.993E+12 4.878E-10  184.5   656  1.367E+08  8.101E+10  1.852E+07  1.190E+05   68.2   69.2    2.5    0.0    2.0    3.0    5.0    2.5    1.2
2020  1  1   1 12.00  100.0   55.0  100.0  4.524E+11  7.836E+12  1.993E+12 4.878E-10  184.5   656  1.367E+08  8.101E+10  1.853E+07  1.190E+05   68.2   69.2    2.5    0.0    2.0    3.0    5.0    2.5    1.2
2020  1  1   1 12.00  100.0   55.0  101.0  4.524E+11  7.836E+12  1.993E+12 4.878E-10  184.5   656  1.367E+08  8.100E+10  1.853E+07  1.191E+05   68.2   69.2    2.5    0.0    2.0    3.0    5.0    2.5    1.2
2020  1  1   1 12.00  100.0   55.0  102.0  4.525E+11  7.835E+12  1.993E+12 4.878E-10  184.5   656  1.367E+08  8.100E+10  1.854E+07  1.191E+05   68.2   69.2    2.5    0.0    2.0    3.0    5.0    2.5    1.2
2020  1  1   1 12.00  100.0   55.0  103.0  4.526E+11  7.835E+12  1.993E+12 4.877E-10  184.5   656  1.367E+08  8.100E+10  1.854E+07  1.192E+05   68.2   69.2    2.5    0.0    2.0    3.0    5.0    2.5    1.2
2020  1  1   1 12.00  100.0   55.0  104.0  4.526E+11  7.834E+12  1.993E+12 4.877E-10  184.5   656  1.367E+08  8.100E+10  1.854E+07  1.192E+05   68.2   69.2    2.5    0.0    2.0    3.0    5.0    2.5    1.2
2020  1  1   1 12.00  100.0   55.0  105.0  4.527E+11  7.834E+12  1.993E+12 4.877E-10  184.5   656  1.367E+08  8.099E+10  1.855E+07  1.193E+05   68.2   69.2    2.5    0.0    2.0    3.0    5.0    2.5    1.2
2020  1  1   1 12.00  100.0   55.0  106.0  4.527E+11  7.834E+12  1.993E+12 4.877E-10  184.5   656  1.367E+08  8.099E+10  1.855E+07  1.193E+05   68.2   69.2    2.5    0.0    2.0    3.0    5.0    2.5    1.2
2020  1  1   1 12.00  100.0   55.0  107.0  4.528E+11  7.834E+12  1.993E+12 4.877E-10  184.5   656  1.367E+08  8.100E+10  1.856E+07  1.194E+05   68.2   69.2    2.5    0.0    2.0    3.0    5.0    2.5    1.2
2020  1  1   1 12.00  100.0   55.0  108.0  4.529E+11  7.834E+12  1.993E+12 4.877E-10  184.5   656  1.367E+08  8.100E+10  1.856E+07  1.194E+05   68.2   69.2    2.5    0.0    2.0    3.0    5.0    2.5    1.2
2020  1  1   1 12.00  100.0   55.0  109.0  4.529E+11  7.834E+12  1.993E+12 4.877E-10  184.5   656  1.367E+08  8.100E+10  1.857E+07  1.195E+05   68.2   69.2    2.5    0.0    2.0    3.0    5.0    2.5    1.2
2020  1  1   1 12.00  100.0   55.0  110.0  4.530E+11  7.834E+12  1.993E+12 4.877E-10  184.4   656  1.367E+08  8.100E+10  1.857E+07  1.195E+05   68.2   69.2    2.5    0.0    2.0    3.0    5.0    2.5    1.2
2020  1  1   1 12.00  100.0   55.0  111.0  4.531E+11  7.834E+12  1.993E+12 4.878E-10  184.4   656  1.367E+08  8.101E+10  1.858E+07  1.195E+05   68.2   69.2    2.5    0.0    2.0    3.0    5.0    2.5    1.2
2020  1  1   1 12.00  100.0   55.0  112.0  4.531E+11  7.835E+12  1.994E+12 4.878E-10  184.4   656  1.367E+08  8.101E+10  1.858E+07  1.196E+05   68.2   69.2    2.5    0.0    2.0    3.0    5.0    2.5    1.2
2020  1  1   1 12.00  100.0   55.0  113.0  4.532E+11  7.835E+12  1.994E+12 4.878E-10  184.4   656  1.367E+08  8.102E+10  1.859E+07  1.196E+05   68.2   69.2    2.5    0.0    2.0    3.0    5.0    2.5    1.2
2020  1  1   1 12.00  100.0   55.0  114.0  4.533E+11  7.835E+12  1.994E+12 4.879E-10  184.4   656  1.367E+08  8.102E+10  1.860E+07  1.196E+05   68.2   69.2    2.5    0.0    2.0    3.0    5.0    2.5    1.2
2020  1  1   1 12.00  100.0   55.0  115.0  4.534E+11  7.836E+12  1.994E+12 4.879E-10  184.4   656  1.367E+08  8.103E+10  1.860E+07  1.197E+05   68.2   69.2    2.5    0.0    2.0    3.0    5.0    2.5    1.2
2020  1  1   1 12.00  100.0   55.0  116.0  4.534E+11  7.837E+12  1.994E+12 4.879E-10  184.4   656  1.367E+08  8.104E+10  1.861E+07  1.197E+05   68.2   69.2    2.5    0.0    2.0    3.0    5.0    2.5    1.2
2020  1  1   1 12.00  100.0   55.0  117.0  4.535E+11  7.837E+12  1.995E+12 4.880E-10  184.4   656  1.367E+08  8.105E+10  1.861E+07  1.197E+05   68.2   69.2    2.5    0.0    2.0    3.0    5.0    2.5    1.2
2020  1  1   1 12.00  100.0   55.0  118.0  4.536E+11  7.838E+12  1.995E+12 4.880E-10  184.4   656  1.367E+08  8.105E+10  1.862E+07  1.197E+05   68.2   69.2    2.5    0.0    2.0    3.0    5.0    2.5    1.2
2020  1  1   1 12.00  100.0   55.0  119.0  4.537E+11  7.839E+12  1.995E+12 4.881E-10  184.4   656  1.367E+08  8.106E+10  1.862E+07  1.197E+05   68.2   69.2    2.5    0.0    2.0    3.0    5.0    2.5    1.2
2020  1  1   1 12.00  100.0   55.0  120.0  4.538E+11  7.840E+12  1.996E+12 4.882E-10  184.4   656  1.367E+08  8.107E+10  1.863E+07  1.197E+05   68.2   69.2    2.5    0.0    2.0    3.0    5.0    2.5    1.2
2020  1  1   1 12.00  100.0   55.0  121.0  4.538E+11  7.841E+12  1.996E+12 4.882E-10  184.3   656  1.367E+08  8.109E+10  1.864E+07  1.198E+05   68.2   69.2    2.5    0.0    2.0    3.0    5.0    2.5    1.2
2020  1  1   1 12.00  100.0   55.0  122.0  4.539E+11  7.842E+12  1.996E+12 4.883E-10  184.3   656  1.367E+08  8.110E+10  1.864E+07  1.198E+05   68.2   69.2    2.5    0.0    2.0    3.0    5.0    2.5    1.2
2020  1  1   1 12.00  100.0   55.0  123.0  4.540E+11  7.843E+12  1.997E+12 4.884E-10  184.3   656  1.368E+08  8.111E+10  1.865E+07  1.198E+05   68.2   69.2    2.5    0.0    2.0    3.0    5.0    2.5    1.2
2020  1  1   1 12.00  100.0   55.0  124.0  4.541E+11  7.844E+12  1.997E+12 4.884E-10  184.3   656  1.368E+08  8.112E+10  1.865E+07  1.198E+05   68.2   69.2    2.5    0.0    2.0    3.0    5.0    2.5    1.2
2020  1  1   1 12.00  100.0   55.0  125.0  4.542E+11  7.845E+12  1.998E+12 4.885E-10  184.3   656  1.368E+08  8.114E+10  1.866E+07  1.198E+05   68.2   69.2    2.5    0.0    2.0    3.0    5.0    2.5    1.2
2020  1  1   1 12.00  100.0   55.0  126.0  4.543E+11  7.846E+12  1.998E+12 4.886E-10  184.3   656  1.368E+08  8.115E+10  1.867E+07  1.198E+05   68.2   69.2    2.5    0.0    2.0    3.0    5.0    2.5    1.2
2020  1  1   1 12.00  100.0   55.0  127.0  4.544E+11  7.848E+12  1.999E+12 4.887E-10  184.3   656  1.368E+08  8.117E+10  1.867E+07  1.198E+05   68.2   69.2    2.5    0.0    2.0    3.0    5.0    2.5    1.2
2020  1  1   1 12.00  100.0   55.0  128.0  4.544E+11  7.849E+12  1.999E+12 4.888E-10  184.3   656  1.368E+08  8.118E+10  1.868E+07  1.197E+05   68.2   69.2    2.5    0.0    2.0    3.0    5.0    2.5    1.2
2020  1  1   1 12.00  100.0   55.0  129.0  4.545E+11  7.851E+12  2.000E+12 4.889E-10  184.3   657  1.368E+08  8.120E+10  1.869E+07  1.197E+05   68.2   69.2    2.5    0.0    2.0    3.0    5.0    2.5    1.2
2020  1  1   1 12.00  100.0   55.0  130.0  4.546E+11  7.852E+12  2.000E+12 4.890E-10  184.2   657  1.369E+08  8.122E+10  1.869E+07  1.197E+05   68.2   69.2    2.5    0.0    2.0    3.0    5.0    2.5    1.2
2020  1  1   1 12.00  100.0   55.0  131.0  4.547E+11  7.854E+12  2.001E+12 4.891E-10  184.2   657  1.369E+08  8.123E+10  1.870E+07  1.197E+05   68.2   69.2    2.5    0.0    2.0    3.0    5.0    2.5    1.2
2020  1  1   1 12.00  100.0   55.0  132.0  4.548E+11  7.856E+12  2.001E+12 4.893E-10  184.2   657  1.369E+08  8.125E+10  1.871E+07  1.197E+05   68.2   69.2    2.5    0.0    2.0    3.0    5.0    2.5    1.2
2020  1  1   1 12.00  100.0   55.0  133.0  4.549E+11  7.858E+12  2.002E+12 4.894E-10  184.2   657  1.369E+08  8.127E+10  1.871E+07  1.197E+05   68.2   69.2    2.5    0.0    2.0    3.0    5.0    2.5    1.2
2020  1  1   1 12.00  100.0   55.0  134.0  4.550E+11  7.860E+12  2.003E+12 4.895E-10  184.2   657  1.369E+08  8.129E+10  1.872E+07  1.196E+05   68.2   69.2    2.5    0.0    2.0    3.0    5.0    2.5    1.2
2020  1  1   1 12.00  100.0   55.0  135.0  4.551E+11  7.861E+12  2.003E+12 4.896E-10  184.2   657  1.369E+08  8.131E+10  1.873E+07  1.196E+05   68.2   69.2    2.5    0.0    2.0    3.0    5.0    2.5    1.2
2020  1  1   1 12.00  100.0   55.0  136.0  4.552E+11  7.863E+12  2.004E+12 4.898E-10  184.2   657  1.370E+08  8.134E+10  1.873E+07  1.196E+05   68.2   69.2    2.5    2.0    3.0    5.0    3.0    2.5    0.9
2020  1  1   1 12.00  100.0   55.0  137.0  4.553E+11  7.866E+12  2.005E+12 4.899E-10  184.2   657  1.370E+08  8.136E+10  1.874E+07  1.195E+05   68.2   69.2    2.5    2.0    3.0    5.0    3.0    2.5    0.9
2020  1  1   1 12.00  100.0   55.0  138.0  4.554E+11  7.868E+12  2.005E+12 4.900E-10  184.2   657  1.370E+08  8.138E+10  1.875E+07  1.195E+05   68.2   69.2    2.5    2.0    3.0    5.0    3.0    2.5    0.9
2020  1  1   1 12.00  100.0   55.0  139.0  4.555E+11  7.870E+12  2.006E+12 4.902E-10  184.1   658  1.370E+08  8.140E+10  1.875E+07  1.195E+05   68.2   69.2    2.5    2.0    3.0    5.0    3.0    2.5    0.9
2020  1  1   1 12.00  100.0   55.0  140.0  4.556E+11  7.872E+12  2.007E+12 4.903E-10  184.1   658  1.371E+08  8.143E+10  1.876E+07  1.194E+05   68.2   69.2    2.5    2.0    3.0    5.0    3.0    2.5    0.9
2020  1  1   1 12.00  100.0   55.0  141.0  4.557E+11  7.874E+12  2.008E+12 4.905E-10  184.1   658  1.371E+08  8.145E+10  1.877E+07  1.194E+05   68.2   69.2    2.5    2.0    3.0    5.0    3.0    2.5    0.9
2020  1  1   1 12.00  100.0   55.0  142.0  4.558E+11  7.877E+12  2.008E+12 4.906E-10  184.1   658  1.371E+08  8.148E+10  1.877E+07  1.193E+05   68.2   69.2    2.5    2.0    3.0    5.0    3.0    2.5    0.9
2020  1  1   1 12.00  100.0   55.0  143.0  4.559E+11  7.879E+12  2.009E+12 4.908E-10  184.1   658  1.371E+08  8.150E+10  1.878E+07  1.193E+05   68.2   69.2    2.5    2.0    3.0    5.0    3.0    2.5    0.9
2020  1  1   1 12.00  100.0   55.0  144.0  4.560E+11  7.882E+12  2.010E+12 4.910E-10  184.1   658  1.372E+08  8.153E+10  1.879E+07  1.192E+05   68.2   69.2    2.5    2.0    3.0    5.0    3.0    2.5    0.9
2020  1  1   1 12.00  100.0   55.0  145.0  4.561E+11  7.884E+12  2.011E+12 4.911E-10  184.1   658  1.372E+08  8.156E+10  1.880E+07  1.192E+05   68.2   69.2    2.5    2.0    3.0    5.0    3.0    2.5    0.9
2020  1  1   1 12.00  100.0   55.0  146.0  4.562E+11  7.887E+12  2.012E+12 4.913E-10  184.1   658  1.372E+08  8.158E+10  1.880E+07  1.191E+05   68.2   69.2    2.5    2.0    3.0    5.0    3.0    2.5    0.9
2020  1  1   1 12.00  100.0   55.0  147.0  4.563E+11  7.890E+12  2.013E+12 4.915E-10  184.1   659  1.373E+08  8.161E+10  1.881E+07  1.190E+05   68.2   69.2    2.5    2.0    3.0    5.0    3.0    2.5    0.9
2020  1  1   1 12.00  100.0   55.0  148.0  4.564E+11  7.893E+12  2.014E+12 4.917E-10  184.1   659  1.373E+08  8.164E+10  1.882E+07  1.190E+05   68.2   69.2    2.5    2.0    3.0    5.0    3.0    2.5    0.9
2020  1  1   1 12.00  100.0   55.0  149.0  4.566E+11  7.895E+12  2.015E+12 4.919E-10  184.0   659  1.373E+08  8.167E+10  1.882E+07  1.189E+05   68.2   69.2    2.5    2.0    3.0    5.0    3.0    2.5    0.9
