Year Mon Day DOY hour Heit(km) Lat  Lon Oden(cm-3) N2den(cm-3) O2den(cm-3) air(gm/cm3) T(K) exoT(K) Heden(cm-3)Arden(cm-3) Hden(cm-3) Nden(cm-3) F107 F107a apdaily  ap0-3 ap3-6 ap6-9 ap9-12 ap12-33 ap33-59
2020  1  1   1  1.00  100.0   55.0   45.0  4.524E+11  8.354E+12  2.127E+12 5.194E-10  192.2   617  1.383E+08  8.704E+10  2.317E+07  5.208E+04   68.2   69.2    2.5    3.0    4.0    5.0    3.0    2.4    2.1
2020  1  1   1  2.00  100.0   55.0   45.0  4.617E+11  8.442E+12  2.148E+12 5.249E-10  189.4   605  1.413E+08  8.765E+10  2.369E+07  3.891E+04   68.2   69.2    2.5    3.0    4.0    5.0    3.0    2.4    2.1
2020  1  1   1  3.00  100.0   55.0   45.0  4.666E+11  8.424E+12  2.143E+12 5.239E-10  187.0   591  1.429E+08  8.719E+10  2.388E+07  3.082E+04   68.2   69.2    2.5    2.0    3.0    5.0    3.0    2.5    0.9
2020  1  1   1  4.00  100.0   55.0   45.0  4.673E+11  8.296E+12  2.112E+12 5.162E-10  185.4   580  1.428E+08  8.566E+10  2.374E+07  2.705E+04   68.2   69.2    2.5    2.0    3.0    5.0    3.0    2.5    0.9
2020  1  1   1  5.00  100.0   55.0   45.0  4.644E+11  8.088E+12  2.060E+12 5.036E-10  184.7   574  1.411E+08  8.340E+10  2.332E+07  2.701E+04   68.2   69.2    2.5    2.0    3.0    5.0    3.0    2.5    0.9
2020  1  1   1  6.00  100.0   55.0   45.0  4.594E+11  7.851E+12  2.002E+12 4.892E-10  184.8   578  1.385E+08  8.092E+10  2.269E+07  3.071E+04   68.2   69.2    2.5    0.0    2.0    3.0    5.0    2.5    1.2
2020  1  1   1  7.00  100.0   55.0   45.0  4.541E+11  7.642E+12  1.952E+12 4.765E-10  185.4   589  1.357E+08  7.879E+10  2.120E+07  3.866E+04   68.2   69.2    2.5    0.0    2.0    3.0    5.0    2.5    1.2
2020  1  1   1  8.00  100.0   55.0   45.0  4.499E+11  7.509E+12  1.920E+12 4.684E-10  186.1   604  1.336E+08  7.745E+10  1.883E+07  5.138E+04   68.2   69.2    2.5    0.0    2.0    3.0    5.0    2.5    1.2
2020  1  1   1  9.00  100.0   55.0   45.0  4.478E+11  7.480E+12  1.913E+12 4.666E-10  186.5   620  1.327E+08  7.719E+10  1.814E+07  6.820E+04   68.2   69.2    2.5    0.0    0.0    2.0    3.0    2.9    1.5
2020  1  1   1 10.00  100.0   55.0   45.0  4.483E+11  7.561E+12  1.933E+12 4.715E-10  186.4   635  1.334E+08  7.806E+10  1.811E+07  8.644E+04   68.2   69.2    2.5    0.0    0.0    2.0    3.0    2.9    1.5
2020  1  1   1 11.00  100.0   55.0   45.0  4.503E+11  7.736E+12  1.975E+12 4.821E-10  185.8   649  1.354E+08  7.987E+10  1.826E+07  1.022E+05   68.2   69.2    2.5    0.0    0.0    2.0    3.0    2.9    1.5
2020  1  1   1 12.00  100.0   55.0   45.0  4.521E+11  7.967E+12  2.030E+12 4.960E-10  184.7   664  1.383E+08  8.223E+10  1.846E+07  1.129E+05   68.2   69.2    2.5    3.0    0.0    0.0    2.0    2.9    1.5
2020  1  1   1 13.00  100.0   55.0   45.0  4.516E+11  8.201E+12  2.085E+12 5.099E-10  183.6   681  1.412E+08  8.460E+10  1.861E+07  1.184E+05   68.2   69.2    2.5    3.0    0.0    0.0    2.0    2.9    1.5
2020  1  1   1 14.00  100.0   55.0   45.0  4.470E+11  8.380E+12  2.127E+12 5.205E-10  183.0   698  1.432E+08  8.643E+10  1.862E+07  1.209E+05   68.2   69.2    2.5    3.0    0.0    0.0    2.0    2.9    1.5
2020  1  1   1 15.00  100.0   55.0   45.0  4.380E+11  8.463E+12  2.145E+12 5.250E-10  183.1   711  1.436E+08  8.730E+10  1.851E+07  1.226E+05   68.2   69.2    2.5    3.0    3.0    0.0    0.0    2.8    1.9
2020  1  1   1 16.00  100.0   55.0   45.0  4.257E+11  8.433E+12  2.136E+12 5.229E-10  184.2   716  1.422E+08  8.708E+10  1.861E+07  1.252E+05   68.2   69.2    2.5    3.0    3.0    0.0    0.0    2.8    1.9
2020  1  1   1 17.00  100.0   55.0   45.0  4.129E+11  8.309E+12  2.105E+12 5.151E-10  186.3   710  1.392E+08  8.598E+10  2.004E+07  1.289E+05   68.2   69.2    2.5    3.0    3.0    0.0    0.0    2.8    1.9
2020  1  1   1 18.00  100.0   55.0   45.0  4.023E+11  8.136E+12  2.063E+12 5.044E-10  189.1   695  1.354E+08  8.444E+10  2.068E+07  1.332E+05   68.2   69.2    2.5    5.0    3.0    3.0    0.0    2.2    2.4
2020  1  1   1 19.00  100.0   55.0   45.0  3.963E+11  7.967E+12  2.023E+12 4.941E-10  192.3   674  1.318E+08  8.297E+10  2.045E+07  1.363E+05   68.2   69.2    2.5    5.0    3.0    3.0    0.0    2.2    2.4
2020  1  1   1 20.00  100.0   55.0   45.0  3.961E+11  7.851E+12  1.997E+12 4.873E-10  195.2   654  1.292E+08  8.204E+10  2.035E+07  1.354E+05   68.2   69.2    2.5    5.0    3.0    3.0    0.0    2.2    2.4
2020  1  1   1 21.00  100.0   55.0   45.0  4.017E+11  7.820E+12  1.992E+12 4.857E-10  197.1   639  1.282E+08  8.192E+10  2.052E+07  1.278E+05   68.2   69.2    2.5    4.0    5.0    3.0    3.0    2.0    2.4
2020  1  1   1 22.00  100.0   55.0   45.0  4.121E+11  7.882E+12  2.009E+12 4.898E-10  197.7   630  1.289E+08  8.265E+10  2.098E+07  1.125E+05   68.2   69.2    2.5    4.0    5.0    3.0    3.0    2.0    2.4
2020  1  1   1 23.00  100.0   55.0   45.0  4.256E+11  8.020E+12  2.045E+12 4.986E-10  197.0   627  1.313E+08  8.403E+10  2.165E+07  9.186E+04   68.2   69.2    2.5    4.0    5.0    3.0    3.0    2.0    2.4
2020  1  1   1 24.00  100.0   55.0   45.0  4.398E+11  8.195E+12  2.088E+12 5.096E-10  194.9   624  1.347E+08  8.567E+10  2.244E+07  7.036E+04   68.2   69.2    2.5    3.0    4.0    5.0    3.0    2.4    2.1
