Year Mon Day DOY hour Heit(km) Lat  Lon Oden(cm-3) N2den(cm-3) O2den(cm-3) air(gm/cm3) T(K) exoT(K) Heden(cm-3)Arden(cm-3) Hden(cm-3) Nden(cm-3) F107 F107a apdaily  ap0-3 ap3-6 ap6-9 ap9-12 ap12-33 ap33-59
2020  1  1   1 12.00  100.0   55.0   45.0  4.521E+11  7.967E+12  2.030E+12 4.960E-10  184.7   664  1.383E+08  8.223E+10  1.846E+07  1.129E+05   68.2   69.2    2.5    3.0    0.0    0.0    2.0    2.9    1.5
2020  1  2   2 12.00  100.0   55.0   45.0  4.522E+11  7.973E+12  2.032E+12 4.963E-10  184.6   665  1.384E+08  8.228E+10  1.848E+07  1.127E+05   69.4   69.2    2.1    2.0    2.0    0.0    0.0    2.5    2.9
2020  1  3   3 12.00  100.0   55.0   45.0  4.482E+11  7.975E+12  2.035E+12 4.965E-10  184.6   675  1.379E+08  8.236E+10  1.839E+07  1.207E+05   69.5   69.2    5.0    7.0   12.0    4.0    3.0    2.1    2.5
2020  1  4   4 12.00  100.0   55.0   45.0  4.474E+11  7.981E+12  2.037E+12 4.968E-10  184.6   674  1.379E+08  8.243E+10  1.841E+07  1.215E+05   68.9   69.2    5.2    3.0    3.0    3.0    6.0    5.0    2.1
2020  1  5   5 12.00  100.0   55.0   45.0  4.442E+11  7.985E+12  2.040E+12 4.971E-10  184.6   684  1.376E+08  8.252E+10  1.835E+07  1.290E+05   69.8   69.2    8.1    5.0    6.0    4.0    6.0    5.2    5.0
2020  1  6   6 12.00  100.0   55.0   45.0  4.441E+11  7.991E+12  2.041E+12 4.975E-10  184.5   682  1.376E+08  8.258E+10  1.839E+07  1.288E+05   69.4   69.2    7.9    2.0    6.0   15.0   18.0    8.1    5.2
2020  1  7   7 12.00  100.0   55.0   45.0  4.475E+11  8.001E+12  2.041E+12 4.980E-10  184.3   670  1.382E+08  8.262E+10  1.854E+07  1.205E+05   68.1   69.2    4.4    2.0    4.0    6.0    4.0    7.9    8.1
2020  1  8   8 12.00  100.0   55.0   45.0  4.460E+11  8.007E+12  2.044E+12 4.984E-10  184.3   676  1.381E+08  8.271E+10  1.853E+07  1.248E+05   69.3   69.2    5.6    2.0    2.0    4.0    4.0    4.4    7.9
2020  1  9   9 12.00  100.0   55.0   45.0  4.411E+11  8.011E+12  2.048E+12 4.987E-10  184.3   693  1.375E+08  8.284E+10  1.841E+07  1.380E+05   71.2   69.2   11.0    9.0   22.0   15.0   12.0    5.6    4.4
2020  1 10  10 12.00  100.0   55.0   45.0  4.463E+11  8.022E+12  2.048E+12 4.993E-10  184.1   682  1.382E+08  8.287E+10  1.860E+07  1.273E+05   71.9   69.2    5.6    9.0    9.0    3.0    4.0   11.0    5.6
2020  1 11  11 12.00  100.0   55.0   45.0  4.468E+11  8.031E+12  2.050E+12 4.998E-10  184.0   677  1.384E+08  8.295E+10  1.868E+07  1.257E+05   70.4   69.2    5.0    5.0    7.0    9.0    7.0    5.6   11.0
2020  1 12  12 12.00  100.0   55.0   45.0  4.502E+11  8.041E+12  2.050E+12 5.005E-10  183.8   670  1.390E+08  8.301E+10  1.883E+07  1.195E+05   71.0   69.2    2.4    2.0    3.0    6.0    4.0    5.0    5.6
2020  1 13  13 12.00  100.0   55.0   45.0  4.504E+11  8.050E+12  2.052E+12 5.010E-10  183.7   667  1.391E+08  8.310E+10  1.892E+07  1.188E+05   69.5   69.2    2.1    2.0    2.0    3.0    2.0    2.4    5.0
2020  1 14  14 12.00  100.0   55.0   45.0  4.513E+11  8.060E+12  2.055E+12 5.016E-10  183.6   665  1.393E+08  8.318E+10  1.901E+07  1.178E+05   69.1   69.3    1.6    3.0    2.0    2.0    2.0    2.1    2.4
2020  1 15  15 12.00  100.0   55.0   45.0  4.495E+11  8.068E+12  2.058E+12 5.021E-10  183.6   672  1.391E+08  8.331E+10  1.901E+07  1.235E+05   69.5   69.3    3.2    7.0    3.0    0.0    2.0    1.6    2.1
2020  1 16  16 12.00  100.0   55.0   45.0  4.486E+11  8.077E+12  2.061E+12 5.027E-10  183.5   674  1.391E+08  8.342E+10  1.906E+07  1.265E+05   68.9   69.3    4.1    5.0    6.0    9.0    3.0    3.2    1.6
2020  1 17  17 12.00  100.0   55.0   45.0  4.511E+11  8.088E+12  2.063E+12 5.034E-10  183.4   670  1.395E+08  8.350E+10  1.919E+07  1.229E+05   69.4   69.3    2.5    0.0    2.0    2.0    3.0    4.1    3.2
2020  1 18  18 12.00  100.0   55.0   45.0  4.515E+11  8.098E+12  2.065E+12 5.040E-10  183.3   667  1.396E+08  8.361E+10  1.930E+07  1.227E+05   67.9   69.3    2.4    0.0    3.0    6.0    6.0    2.5    4.1
2020  1 19  19 12.00  100.0   55.0   45.0  4.547E+11  8.111E+12  2.067E+12 5.047E-10  183.1   663  1.401E+08  8.369E+10  1.945E+07  1.185E+05   69.0   69.3    0.6    0.0    0.0    3.0    0.0    2.4    2.5
2020  1 20  20 12.00  100.0   55.0   45.0  4.555E+11  8.122E+12  2.069E+12 5.054E-10  183.0   664  1.403E+08  8.380E+10  1.955E+07  1.192E+05   69.5   69.3    0.5    0.0    0.0    2.0    0.0    0.6    2.4
2020  1 21  21 12.00  100.0   55.0   45.0  4.498E+11  8.128E+12  2.076E+12 5.059E-10  183.0   680  1.395E+08  8.399E+10  1.945E+07  1.343E+05   69.0   69.3    5.2    4.0    3.0    0.0    0.0    0.5    0.6
2020  1 22  22 12.00  100.0   55.0   45.0  4.494E+11  8.139E+12  2.079E+12 5.066E-10  182.9   682  1.395E+08  8.412E+10  1.953E+07  1.374E+05   68.3   69.3    6.1    5.0    4.0    9.0    6.0    5.2    0.5
2020  1 23  23 12.00  100.0   55.0   45.0  4.532E+11  8.152E+12  2.080E+12 5.074E-10  182.8   678  1.400E+08  8.420E+10  1.971E+07  1.320E+05   69.6   69.3    3.6    2.0    2.0    9.0    6.0    6.1    5.2
2020  1 24  24 12.00  100.0   55.0   45.0  4.567E+11  8.166E+12  2.082E+12 5.082E-10  182.6   669  1.406E+08  8.429E+10  1.992E+07  1.258E+05   68.6   69.3    1.5    0.0    0.0    0.0    4.0    3.6    6.1
2020  1 25  25 12.00  100.0   55.0   45.0  4.565E+11  8.177E+12  2.085E+12 5.089E-10  182.5   674  1.406E+08  8.442E+10  2.000E+07  1.294E+05   68.8   69.3    2.2    2.0    3.0    9.0    0.0    1.5    3.6
2020  1 26  26 12.00  100.0   55.0   45.0  4.569E+11  8.188E+12  2.089E+12 5.096E-10  182.4   679  1.406E+08  8.456E+10  2.008E+07  1.329E+05   70.4   69.3    2.8    2.0    0.0    3.0    4.0    2.2    1.5
2020  1 27  27 12.00  100.0   55.0   45.0  4.599E+11  8.201E+12  2.091E+12 5.104E-10  182.3   680  1.410E+08  8.466E+10  2.024E+07  1.308E+05   72.4   69.3    1.5    0.0    4.0    4.0    2.0    2.8    2.2
2020  1 28  28 12.00  100.0   55.0   45.0  4.568E+11  8.211E+12  2.096E+12 5.111E-10  182.3   687  1.406E+08  8.484E+10  2.027E+07  1.405E+05   70.7   69.4    4.4    2.0    4.0    5.0    4.0    1.5    2.8
2020  1 29  29 12.00  100.0   55.0   45.0  4.539E+11  8.220E+12  2.101E+12 5.117E-10  182.3   701  1.402E+08  8.502E+10  2.026E+07  1.532E+05   72.0   69.4    8.1    5.0    6.0   18.0   15.0    4.4    1.5
2020  1 30  30 12.00  100.0   55.0   45.0  4.519E+11  8.231E+12  2.106E+12 5.124E-10  182.2   709  1.400E+08  8.519E+10  2.031E+07  1.628E+05   72.0   69.3   11.5    6.0    7.0   12.0    7.0    8.1    4.4
2020  1 31  31 12.00  100.0   55.0   45.0  4.571E+11  8.246E+12  2.107E+12 5.133E-10  182.0   700  1.407E+08  8.527E+10  2.057E+07  1.528E+05   71.9   69.4    7.0    7.0    6.0   22.0    9.0   11.5    8.1
2020  2  1  32 12.00  100.0   55.0   45.0  4.602E+11  8.260E+12  2.109E+12 5.142E-10  181.9   696  1.411E+08  8.537E+10  2.077E+07  1.489E+05   71.7   69.4    5.2    3.0    4.0    2.0    4.0    7.0   11.5
2020  2  2  33 12.00  100.0   55.0   45.0  4.610E+11  8.272E+12  2.112E+12 5.150E-10  181.8   695  1.412E+08  8.550E+10  2.093E+07  1.499E+05   70.4   69.4    5.4    3.0    4.0    4.0    7.0    5.2    7.0
2020  2  3  34 12.00  100.0   55.0   45.0  4.644E+11  8.287E+12  2.114E+12 5.158E-10  181.7   691  1.417E+08  8.560E+10  2.115E+07  1.455E+05   70.2   69.4    3.6    2.0    5.0    7.0    5.0    5.4    5.2
2020  2  4  35 12.00  100.0   55.0   45.0  4.632E+11  8.298E+12  2.119E+12 5.166E-10  181.6   698  1.415E+08  8.577E+10  2.123E+07  1.533E+05   70.0   69.5    5.6    4.0    3.0    6.0    7.0    3.6    5.4
2020  2  5  36 12.00  100.0   55.0   45.0  4.657E+11  8.311E+12  2.121E+12 5.174E-10  181.5   692  1.418E+08  8.588E+10  2.145E+07  1.497E+05   68.3   69.5    4.4    6.0    5.0    7.0    6.0    5.6    3.6
2020  2  6  37 12.00  100.0   55.0   45.0  4.570E+11  8.318E+12  2.129E+12 5.179E-10  181.6   718  1.408E+08  8.615E+10  2.131E+07  1.796E+05   68.6   69.5   15.0   15.0   27.0    9.0    3.0    4.4    5.6
2020  2  7  38 12.00  100.0   55.0   45.0  4.596E+11  8.331E+12  2.131E+12 5.187E-10  181.5   718  1.411E+08  8.626E+10  2.151E+07  1.782E+05   69.3   69.5   13.4    5.0   15.0   15.0   15.0   15.0    4.4
2020  2  8  39 12.00  100.0   55.0   45.0  4.681E+11  8.348E+12  2.131E+12 5.197E-10  181.2   701  1.421E+08  8.628E+10  2.190E+07  1.589E+05   68.9   69.5    5.8    3.0    3.0    6.0   12.0   13.4   15.0
2020  2  9  40 12.00  100.0   55.0   45.0  4.694E+11  8.360E+12  2.134E+12 5.205E-10  181.1   706  1.422E+08  8.640E+10  2.205E+07  1.619E+05   70.0   69.5    6.0    4.0    4.0    6.0   12.0    5.8   13.4
2020  2 10  41 12.00  100.0   55.0   45.0  4.724E+11  8.373E+12  2.136E+12 5.213E-10  181.0   700  1.425E+08  8.650E+10  2.230E+07  1.575E+05   68.8   69.6    4.5    4.0    6.0    4.0    7.0    6.0    5.8
2020  2 11  42 12.00  100.0   55.0   45.0  4.727E+11  8.384E+12  2.139E+12 5.220E-10  181.0   703  1.425E+08  8.663E+10  2.246E+07  1.618E+05   68.3   69.6    5.4    2.0    6.0   15.0   12.0    4.5    6.0
2020  2 12  43 12.00  100.0   55.0   45.0  4.758E+11  8.397E+12  2.141E+12 5.228E-10  180.8   703  1.428E+08  8.672E+10  2.268E+07  1.594E+05   69.3   69.5    4.1    7.0    5.0    7.0    6.0    5.4    4.5
2020  2 13  44 12.00  100.0   55.0   45.0  4.803E+11  8.411E+12  2.142E+12 5.236E-10  180.7   698  1.434E+08  8.678E+10  2.297E+07  1.529E+05   69.8   69.5    2.0    2.0    3.0    0.0    2.0    4.1    5.4
2020  2 14  45 12.00  100.0   55.0   45.0  4.819E+11  8.422E+12  2.144E+12 5.243E-10  180.6   698  1.435E+08  8.688E+10  2.317E+07  1.535E+05   69.4   69.5    1.9    0.0    2.0    4.0    6.0    2.0    4.1
2020  2 15  46 12.00  100.0   55.0   45.0  4.803E+11  8.431E+12  2.148E+12 5.249E-10  180.6   708  1.432E+08  8.704E+10  2.326E+07  1.640E+05   69.5   69.5    4.1    7.0    0.0    0.0    4.0    1.9    2.0
2020  2 16  47 12.00  100.0   55.0   45.0  4.841E+11  8.443E+12  2.149E+12 5.256E-10  180.5   702  1.436E+08  8.710E+10  2.355E+07  1.581E+05   68.8   69.6    2.4    3.0    0.0    3.0    9.0    4.1    1.9
2020  2 17  48 12.00  100.0   55.0   45.0  4.799E+11  8.450E+12  2.154E+12 5.261E-10  180.6   718  1.430E+08  8.729E+10  2.357E+07  1.762E+05   68.8   69.5    6.8    3.0    5.0    2.0    5.0    2.4    4.1
2020  2 18  49 12.00  100.0   55.0   45.0  4.757E+11  8.456E+12  2.159E+12 5.265E-10  180.6   733  1.424E+08  8.747E+10  2.360E+07  1.960E+05   69.0   69.6   12.6    7.0   22.0    9.0    3.0    6.8    2.4
2020  2 19  50 12.00  100.0   55.0   45.0  4.779E+11  8.467E+12  2.161E+12 5.272E-10  180.5   734  1.426E+08  8.755E+10  2.383E+07  1.957E+05   69.4   69.6   11.8   18.0   18.0   27.0    9.0   12.6    6.8
2020  2 20  51 12.00  100.0   55.0   45.0  4.839E+11  8.478E+12  2.160E+12 5.279E-10  180.4   725  1.432E+08  8.756E+10  2.418E+07  1.833E+05   69.4   69.6    7.2    4.0    6.0   12.0    9.0   11.8   12.6
2020  2 21  52 12.00  100.0   55.0   45.0  4.797E+11  8.484E+12  2.165E+12 5.282E-10  180.5   739  1.426E+08  8.773E+10  2.422E+07  2.031E+05   69.2   69.6   13.1   18.0   12.0   12.0   22.0    7.2   11.8
2020  2 22  53 12.00  100.0   55.0   45.0  4.864E+11  8.495E+12  2.164E+12 5.289E-10  180.3   730  1.432E+08  8.771E+10  2.460E+07  1.880E+05   69.6   69.6    7.6    6.0    5.0    7.0   12.0   13.1    7.2
2020  2 23  54 12.00  100.0   55.0   45.0  4.922E+11  8.506E+12  2.163E+12 5.295E-10  180.2   724  1.437E+08  8.770E+10  2.494E+07  1.773E+05   70.7   69.6    4.2    2.0    4.0    2.0    3.0    7.6   13.1
2020  2 24  55 12.00  100.0   55.0   45.0  4.944E+11  8.514E+12  2.164E+12 5.300E-10  180.1   720  1.439E+08  8.774E+10  2.523E+07  1.743E+05   68.8   69.6    3.5    2.0    0.0    6.0    7.0    4.2    7.6
2020  2 25  56 12.00  100.0   55.0   45.0  4.981E+11  8.522E+12  2.164E+12 5.305E-10  180.1   716  1.442E+08  8.775E+10  2.553E+07  1.688E+05   68.7   69.6    2.0    2.0    2.0    2.0    5.0    3.5    4.2
2020  2 26  57 12.00  100.0   55.0   45.0  4.979E+11  8.527E+12  2.165E+12 5.308E-10  180.1   722  1.440E+08  8.782E+10  2.570E+07  1.756E+05   69.1   69.6    3.1    0.0    3.0    2.0    2.0    2.0    3.5
2020  2 27  58 12.00  100.0   55.0   45.0  4.998E+11  8.534E+12  2.166E+12 5.311E-10  180.0   722  1.440E+08  8.784E+10  2.596E+07  1.750E+05   68.7   69.6    2.8    3.0    2.0    0.0    7.0    3.1    2.0
2020  2 28  59 12.00  100.0   55.0   45.0  4.975E+11  8.536E+12  2.168E+12 5.313E-10  180.1   735  1.436E+08  8.794E+10  2.605E+07  1.892E+05   69.6   69.6    5.5    6.0    4.0    6.0    6.0    2.8    3.1
2020  2 29  60 12.00  100.0   55.0   45.0  4.942E+11  8.538E+12  2.170E+12 5.314E-10  180.2   746  1.430E+08  8.805E+10  2.614E+07  2.059E+05   69.3   69.6    9.5    9.0    5.0    6.0    6.0    5.5    2.8
2020  3  1  61 12.00  100.0   55.0   45.0  4.994E+11  8.544E+12  2.168E+12 5.318E-10  180.1   738  1.434E+08  8.799E+10  2.651E+07  1.936E+05   68.8   69.6    6.0    7.0    5.0    5.0   18.0    9.5    5.5
2020  3  2  62 12.00  100.0   55.0   45.0  5.034E+11  8.549E+12  2.167E+12 5.320E-10  180.1   732  1.437E+08  8.794E+10  2.686E+07  1.851E+05   68.1   69.6    3.9    3.0    0.0    4.0    6.0    6.0    9.5
2020  3  3  63 12.00  100.0   55.0   45.0  5.028E+11  8.550E+12  2.167E+12 5.321E-10  180.1   738  1.434E+08  8.797E+10  2.704E+07  1.926E+05   68.1   69.6    5.2    5.0    3.0    4.0    7.0    3.9    6.0
2020  3  4  64 12.00  100.0   55.0   45.0  5.035E+11  8.551E+12  2.167E+12 5.321E-10  180.1   743  1.432E+08  8.797E+10  2.725E+07  1.966E+05   68.8   69.6    5.8    4.0    4.0    5.0    0.0    5.2    3.9
2020  3  5  65 12.00  100.0   55.0   45.0  5.081E+11  8.554E+12  2.165E+12 5.323E-10  180.1   736  1.435E+08  8.788E+10  2.762E+07  1.862E+05   68.7   69.6    3.2    3.0    4.0    4.0    3.0    5.8    5.2
2020  3  6  66 12.00  100.0   55.0   45.0  5.088E+11  8.554E+12  2.164E+12 5.322E-10  180.1   738  1.433E+08  8.785E+10  2.786E+07  1.883E+05   68.3   69.6    3.5    6.0    4.0    2.0    3.0    3.2    5.8
2020  3  7  67 12.00  100.0   55.0   45.0  5.098E+11  8.553E+12  2.162E+12 5.321E-10  180.2   742  1.432E+08  8.781E+10  2.809E+07  1.905E+05   68.9   69.6    3.6    4.0    5.0    4.0    2.0    3.5    3.2
2020  3  8  68 12.00  100.0   55.0   45.0  5.091E+11  8.550E+12  2.162E+12 5.319E-10  180.3   747  1.428E+08  8.780E+10  2.828E+07  1.976E+05   68.8   69.7    4.9    2.0    5.0    6.0    5.0    3.6    3.5
2020  3  9  69 12.00  100.0   55.0   45.0  5.103E+11  8.548E+12  2.160E+12 5.318E-10  180.3   750  1.427E+08  8.773E+10  2.852E+07  1.985E+05   69.2   69.7    4.8    3.0    6.0    7.0    3.0    4.9    3.6
2020  3 10  70 12.00  100.0   55.0   45.0  5.134E+11  8.546E+12  2.157E+12 5.316E-10  180.3   748  1.427E+08  8.762E+10  2.884E+07  1.931E+05   69.8   69.7    3.4    3.0    5.0    2.0    7.0    4.8    4.9
2020  3 11  71 12.00  100.0   55.0   45.0  5.156E+11  8.542E+12  2.154E+12 5.313E-10  180.4   747  1.426E+08  8.751E+10  2.914E+07  1.894E+05   69.8   69.7    2.5    3.0    2.0    2.0    6.0    3.4    4.8
2020  3 12  72 12.00  100.0   55.0   45.0  5.117E+11  8.533E+12  2.153E+12 5.308E-10  180.5   759  1.419E+08  8.751E+10  2.922E+07  2.066E+05   69.6   69.7    5.8    3.0    6.0    5.0    3.0    2.5    3.4
2020  3 13  73 12.00  100.0   55.0   45.0  5.112E+11  8.526E+12  2.151E+12 5.303E-10  180.6   762  1.416E+08  8.743E+10  2.944E+07  2.113E+05   69.1   69.7    6.6    9.0    7.0   12.0    7.0    5.8    2.5
2020  3 14  74 12.00  100.0   55.0   45.0  5.183E+11  8.523E+12  2.145E+12 5.300E-10  180.6   747  1.419E+08  8.718E+10  2.994E+07  1.884E+05   67.9   69.6    2.1    3.0    2.0    0.0    0.0    6.6    5.8
2020  3 15  75 12.00  100.0   55.0   45.0  5.161E+11  8.513E+12  2.143E+12 5.293E-10  180.7   754  1.414E+08  8.712E+10  3.010E+07  1.982E+05   67.4   69.6    3.9    6.0    2.0    2.0    0.0    2.1    6.6
2020  3 16  76 12.00  100.0   55.0   45.0  5.164E+11  8.503E+12  2.139E+12 5.287E-10  180.9   761  1.410E+08  8.699E+10  3.030E+07  2.025E+05   69.5   69.6    4.2    4.0    3.0    2.0    7.0    3.9    2.1
2020  3 17  77 12.00  100.0   55.0   45.0  5.156E+11  8.491E+12  2.136E+12 5.279E-10  181.0   765  1.406E+08  8.687E+10  3.051E+07  2.073E+05   69.1   69.6    5.1    6.0    5.0    2.0    6.0    4.2    3.9
2020  3 18  78 12.00  100.0   55.0   45.0  5.157E+11  8.479E+12  2.132E+12 5.272E-10  181.1   772  1.402E+08  8.673E+10  3.071E+07  2.120E+05   70.9   69.6    5.6    2.0    3.0    3.0    2.0    5.1    4.2
2020  3 19  79 12.00  100.0   55.0   45.0  5.107E+11  8.464E+12  2.130E+12 5.262E-10  181.3   786  1.394E+08  8.667E+10  3.076E+07  2.336E+05   71.4   69.6   10.1    7.0    9.0    9.0   32.0    5.6    5.1
2020  3 20  80 12.00  100.0   55.0   45.0  5.158E+11  8.453E+12  2.123E+12 5.254E-10  181.4   778  1.394E+08  8.639E+10  3.117E+07  2.162E+05   71.5   69.6    6.1    0.0    7.0    4.0    9.0   10.1    5.6
2020  3 21  81 12.00  100.0   55.0   45.0  5.143E+11  8.437E+12  2.119E+12 5.244E-10  181.6   783  1.389E+08  8.624E+10  3.135E+07  2.230E+05   71.1   69.6    7.5    7.0   15.0    9.0    6.0    6.1   10.1
2020  3 22  82 12.00  100.0   55.0   45.0  5.159E+11  8.422E+12  2.113E+12 5.234E-10  181.7   779  1.386E+08  8.601E+10  3.167E+07  2.168E+05   70.3   69.6    6.2    4.0    4.0    7.0    9.0    7.5    6.1
2020  3 23  83 12.00  100.0   55.0   45.0  5.104E+11  8.402E+12  2.109E+12 5.222E-10  181.9   792  1.377E+08  8.591E+10  3.172E+07  2.383E+05   69.8   69.7   11.0   15.0    5.0   18.0    9.0    6.2    7.5
2020  3 24  84 12.00  100.0   55.0   45.0  5.200E+11  8.390E+12  2.100E+12 5.213E-10  181.9   773  1.381E+08  8.549E+10  3.230E+07  2.025E+05   69.9   69.7    3.5    2.0    4.0    4.0   12.0   11.0    6.2
2020  3 25  85 12.00  100.0   55.0   45.0  5.211E+11  8.372E+12  2.093E+12 5.201E-10  182.1   774  1.377E+08  8.523E+10  3.257E+07  1.998E+05   70.8   69.7    2.9    3.0    2.0    0.0    6.0    3.5   11.0
2020  3 26  86 12.00  100.0   55.0   45.0  5.179E+11  8.350E+12  2.088E+12 5.187E-10  182.3   783  1.370E+08  8.505E+10  3.268E+07  2.113E+05   70.9   69.7    4.9    4.0    2.0    2.0    2.0    2.9    3.5
2020  3 27  87 12.00  100.0   55.0   45.0  5.174E+11  8.329E+12  2.081E+12 5.174E-10  182.5   783  1.365E+08  8.480E+10  3.293E+07  2.112E+05   69.9   69.7    5.0    3.0    4.0    6.0    7.0    4.9    2.9
2020  3 28  88 12.00  100.0   55.0   45.0  5.178E+11  8.307E+12  2.074E+12 5.160E-10  182.7   781  1.360E+08  8.451E+10  3.320E+07  2.080E+05   69.2   69.7    4.5    6.0    5.0    3.0    0.0    5.0    4.9
2020  3 29  89 12.00  100.0   55.0   45.0  5.143E+11  8.282E+12  2.068E+12 5.144E-10  183.0   789  1.352E+08  8.431E+10  3.331E+07  2.196E+05   69.0   69.7    6.8    7.0    7.0    2.0    3.0    4.5    5.0
2020  3 30  90 12.00  100.0   55.0   45.0  5.085E+11  8.255E+12  2.063E+12 5.127E-10  183.3   801  1.343E+08  8.413E+10  3.335E+07  2.403E+05   68.6   69.7   11.4    4.0    5.0    9.0    5.0    6.8    4.5
2020  3 31  91 12.00  100.0   55.0   45.0  5.053E+11  8.228E+12  2.056E+12 5.110E-10  183.6   809  1.335E+08  8.390E+10  3.346E+07  2.523E+05   69.1   69.7   14.4    7.0   22.0   27.0   18.0   11.4    6.8
2020  4  1  92 12.00  100.0   55.0   45.0  5.151E+11  8.208E+12  2.044E+12 5.096E-10  183.6   790  1.337E+08  8.336E+10  3.405E+07  2.113E+05   69.8   69.7    5.1    3.0    4.0    9.0    7.0   14.4   11.4
2020  4  2  93 12.00  100.0   55.0   45.0  5.130E+11  8.180E+12  2.037E+12 5.078E-10  183.9   793  1.330E+08  8.307E+10  3.423E+07  2.158E+05   69.2   69.7    6.1    5.0    7.0    7.0    4.0    5.1   14.4
2020  4  3  94 12.00  100.0   55.0   45.0  5.103E+11  8.150E+12  2.029E+12 5.060E-10  184.2   801  1.322E+08  8.279E+10  3.435E+07  2.241E+05   69.7   69.8    7.8    3.0    3.0    7.0    9.0    6.1    5.1
2020  4  4  95 12.00  100.0   55.0   45.0  5.149E+11  8.124E+12  2.018E+12 5.043E-10  184.3   791  1.320E+08  8.233E+10  3.477E+07  2.033E+05   70.0   69.8    3.9    5.0    0.0    2.0    7.0    7.8    6.1
2020  4  5  96 12.00  100.0   55.0   45.0  5.139E+11  8.094E+12  2.009E+12 5.024E-10  184.6   793  1.313E+08  8.198E+10  3.496E+07  2.037E+05   70.2   69.8    4.0    5.0    3.0    5.0    6.0    3.9    7.8
2020  4  6  97 12.00  100.0   55.0   45.0  5.164E+11  8.065E+12  1.999E+12 5.005E-10  184.8   789  1.309E+08  8.155E+10  3.529E+07  1.919E+05   71.3   69.8    2.0    0.0    2.0    4.0    4.0    4.0    3.9
2020  4  7  98 12.00  100.0   55.0   45.0  5.148E+11  8.033E+12  1.990E+12 4.985E-10  185.1   789  1.302E+08  8.119E+10  3.549E+07  1.919E+05   70.1   69.8    2.2    2.0    0.0    0.0    0.0    2.0    4.0
2020  4  8  99 12.00  100.0   55.0   45.0  5.006E+11  7.993E+12  1.985E+12 4.960E-10  185.7   819  1.285E+08  8.112E+10  3.516E+07  2.436E+05   70.1   69.9   12.6   12.0    7.0   12.0    6.0    2.2    2.0
2020  4  9 100 12.00  100.0   55.0   45.0  5.099E+11  7.965E+12  1.971E+12 4.942E-10  185.8   799  1.286E+08  8.050E+10  3.575E+07  2.014E+05   70.7   69.9    4.0    3.0    3.0    3.0    6.0   12.6    2.2
2020  4 10 101 12.00  100.0   55.0   45.0  5.089E+11  7.931E+12  1.961E+12 4.920E-10  186.1   800  1.279E+08  8.010E+10  3.595E+07  1.998E+05   70.6   69.9    3.9    5.0    4.0    3.0    0.0    4.0   12.6
2020  4 11 102 12.00  100.0   55.0   45.0  5.031E+11  7.893E+12  1.953E+12 4.896E-10  186.5   808  1.268E+08  7.980E+10  3.597E+07  2.151E+05   69.5   69.9    7.0    3.0    3.0    3.0    4.0    3.9    4.0
2020  4 12 103 12.00  100.0   55.0   45.0  5.030E+11  7.858E+12  1.942E+12 4.873E-10  186.8   810  1.262E+08  7.937E+10  3.617E+07  2.115E+05   70.9   70.0    6.2    4.0    5.0    6.0    3.0    7.0    3.9
2020  4 13 104 12.00  100.0   55.0   45.0  5.040E+11  7.822E+12  1.931E+12 4.851E-10  187.1   806  1.256E+08  7.890E+10  3.645E+07  2.010E+05   71.1   70.0    4.5    3.0    3.0    6.0    4.0    6.2    7.0
2020  4 14 105 12.00  100.0   55.0   45.0  4.991E+11  7.783E+12  1.921E+12 4.826E-10  187.5   814  1.246E+08  7.855E+10  3.648E+07  2.132E+05   70.7   70.0    7.0    6.0    9.0   18.0    9.0    4.5    6.2
2020  4 15 106 12.00  100.0   55.0   45.0  4.979E+11  7.745E+12  1.910E+12 4.802E-10  187.8   811  1.238E+08  7.811E+10  3.669E+07  2.091E+05   69.4   70.0    6.6    4.0    6.0   12.0   15.0    7.0    4.5
2020  4 16 107 12.00  100.0   55.0   45.0  5.005E+11  7.709E+12  1.898E+12 4.779E-10  188.1   801  1.233E+08  7.757E+10  3.704E+07  1.912E+05   68.9   70.1    3.6    2.0    4.0    4.0    7.0    6.6    7.0
2020  4 17 108 12.00  100.0   55.0   45.0  4.993E+11  7.669E+12  1.886E+12 4.754E-10  188.4   802  1.226E+08  7.712E+10  3.721E+07  1.887E+05   69.0   70.1    3.4    4.0    5.0    2.0    4.0    3.6    6.6
2020  4 18 109 12.00  100.0   55.0   45.0  4.975E+11  7.629E+12  1.875E+12 4.728E-10  188.8   801  1.218E+08  7.668E+10  3.738E+07  1.871E+05   68.4   70.1    3.4    4.0    5.0    6.0    5.0    3.4    3.6
2020  4 19 110 12.00  100.0   55.0   45.0  4.998E+11  7.591E+12  1.862E+12 4.704E-10  189.1   797  1.212E+08  7.613E+10  3.766E+07  1.736E+05   70.4   70.2    1.1    0.0    2.0    0.0    0.0    3.4    3.4
2020  4 20 111 12.00  100.0   55.0   45.0  4.802E+11  7.540E+12  1.857E+12 4.672E-10  189.9   836  1.192E+08  7.609E+10  3.709E+07  2.420E+05   69.2   70.2   15.9   39.0   18.0   15.0    9.0    1.1    3.4
2020  4 21 112 12.00  100.0   55.0   45.0  4.855E+11  7.502E+12  1.843E+12 4.648E-10  190.1   821  1.188E+08  7.546E+10  3.752E+07  2.099E+05   68.9   70.3    8.4    6.0    4.0    6.0    5.0   15.9    1.1
2020  4 22 113 12.00  100.0   55.0   45.0  4.852E+11  7.461E+12  1.831E+12 4.622E-10  190.5   820  1.181E+08  7.496E+10  3.769E+07  2.037E+05   69.8   70.3    7.2    4.0    5.0   15.0   15.0    8.4   15.9
2020  4 23 114 12.00  100.0   55.0   45.0  4.892E+11  7.421E+12  1.817E+12 4.597E-10  190.8   811  1.176E+08  7.435E+10  3.804E+07  1.813E+05   71.4   70.4    3.1    4.0    2.0    4.0    3.0    7.2    8.4
2020  4 24 115 12.00  100.0   55.0   45.0  4.824E+11  7.376E+12  1.807E+12 4.568E-10  191.3   819  1.165E+08  7.399E+10  3.800E+07  1.963E+05   69.5   70.4    6.4    4.0    3.0    3.0    9.0    3.1    7.2
2020  4 25 116 12.00  100.0   55.0   45.0  4.840E+11  7.334E+12  1.793E+12 4.542E-10  191.7   813  1.159E+08  7.342E+10  3.826E+07  1.821E+05   70.5   70.4    3.9    2.0    6.0    7.0    9.0    6.4    3.1
2020  4 26 117 12.00  100.0   55.0   45.0  4.789E+11  7.289E+12  1.782E+12 4.513E-10  192.1   820  1.148E+08  7.302E+10  3.825E+07  1.916E+05   69.8   70.5    6.0    5.0    3.0    7.0    3.0    3.9    6.4
2020  4 27 118 12.00  100.0   55.0   45.0  4.769E+11  7.245E+12  1.770E+12 4.486E-10  192.6   821  1.139E+08  7.253E+10  3.836E+07  1.903E+05   70.1   70.5    6.0    3.0    4.0    5.0   12.0    6.0    3.9
2020  4 28 119 12.00  100.0   55.0   45.0  4.765E+11  7.202E+12  1.757E+12 4.458E-10  193.0   817  1.132E+08  7.200E+10  3.854E+07  1.821E+05   69.9   70.6    4.8    5.0    0.0    4.0   12.0    6.0    6.0
2020  4 29 120 12.00  100.0   55.0   45.0  4.782E+11  7.160E+12  1.744E+12 4.432E-10  193.3   808  1.126E+08  7.142E+10  3.882E+07  1.666E+05   69.9   70.7    2.2    2.0    0.0    2.0    4.0    4.8    6.0
2020  4 30 121 12.00  100.0   55.0   45.0  4.778E+11  7.116E+12  1.731E+12 4.404E-10  193.8   807  1.118E+08  7.089E+10  3.897E+07  1.599E+05   71.0   70.7    1.2    2.0    2.0    2.0    4.0    2.2    4.8
2020  5  1 122 12.00  100.0   55.0   45.0  4.709E+11  7.068E+12  1.721E+12 4.374E-10  194.3   819  1.107E+08  7.052E+10  3.885E+07  1.754E+05   70.9   70.7    4.2    5.0    7.0    5.0    2.0    1.2    2.2
2020  5  2 123 12.00  100.0   55.0   45.0  4.691E+11  7.023E+12  1.708E+12 4.346E-10  194.8   820  1.098E+08  7.002E+10  3.895E+07  1.727E+05   71.3   70.7    4.0    5.0    6.0    6.0    0.0    4.2    1.2
2020  5  3 124 12.00  100.0   55.0   45.0  4.664E+11  6.978E+12  1.696E+12 4.317E-10  195.2   819  1.089E+08  6.953E+10  3.904E+07  1.718E+05   70.3   70.7    4.2    2.0    2.0    5.0    2.0    4.0    4.2
2020  5  4 125 12.00  100.0   55.0   45.0  4.636E+11  6.933E+12  1.684E+12 4.289E-10  195.7   819  1.080E+08  6.906E+10  3.910E+07  1.718E+05   69.8   70.7    4.6    5.0    3.0    5.0    6.0    4.2    4.0
2020  5  5 126 12.00  100.0   55.0   45.0  4.606E+11  6.887E+12  1.672E+12 4.260E-10  196.2   823  1.071E+08  6.858E+10  3.913E+07  1.738E+05   70.5   70.7    5.2    5.0    4.0    5.0    5.0    4.6    4.2
2020  5  6 127 12.00  100.0   55.0   45.0  4.588E+11  6.842E+12  1.660E+12 4.232E-10  196.7   822  1.063E+08  6.808E+10  3.922E+07  1.702E+05   70.5   70.7    4.9    2.0    0.0    9.0   18.0    5.2    4.6
2020  5  7 128 12.00  100.0   55.0   45.0  4.591E+11  6.798E+12  1.647E+12 4.204E-10  197.1   817  1.056E+08  6.753E+10  3.940E+07  1.598E+05   71.1   70.7    3.1    4.0    5.0    4.0    2.0    4.9    5.2
2020  5  8 129 12.00  100.0   55.0   45.0  4.570E+11  6.753E+12  1.635E+12 4.176E-10  197.6   814  1.047E+08  6.703E+10  3.950E+07  1.562E+05   70.0   70.7    2.9    3.0    3.0    2.0    4.0    3.1    4.9
2020  5  9 130 12.00  100.0   55.0   45.0  4.570E+11  6.710E+12  1.622E+12 4.149E-10  198.0   806  1.040E+08  6.649E+10  3.969E+07  1.460E+05   69.2   70.7    1.4    2.0    0.0    0.0    3.0    2.9    3.1
2020  5 10 131 12.00  100.0   55.0   45.0  4.523E+11  6.663E+12  1.611E+12 4.119E-10  198.6   820  1.030E+08  6.607E+10  3.956E+07  1.558E+05   72.4   70.7    3.1    2.0    0.0    0.0    2.0    1.4    2.9
2020  5 11 132 12.00  100.0   55.0   45.0  4.486E+11  6.618E+12  1.599E+12 4.091E-10  199.1   816  1.021E+08  6.562E+10  3.961E+07  1.562E+05   69.3   70.7    3.9    5.0    6.0    6.0    5.0    3.1    1.4
2020  5 12 133 12.00  100.0   55.0   45.0  4.470E+11  6.574E+12  1.587E+12 4.063E-10  199.6   810  1.013E+08  6.512E+10  3.974E+07  1.504E+05   67.5   70.7    3.2    2.0    3.0    2.0    3.0    3.9    3.1
2020  5 13 134 12.00  100.0   55.0   45.0  4.454E+11  6.530E+12  1.575E+12 4.036E-10  200.1   815  1.005E+08  6.463E+10  3.975E+07  1.492E+05   70.3   70.7    3.0    3.0    0.0    2.0    5.0    3.2    3.9
2020  5 14 135 12.00  100.0   55.0   45.0  4.446E+11  6.487E+12  1.563E+12 4.009E-10  200.5   811  9.980E+07  6.412E+10  3.986E+07  1.423E+05   70.2   70.8    2.0    2.0    2.0    2.0    2.0    3.0    3.2
2020  5 15 136 12.00  100.0   55.0   45.0  4.415E+11  6.443E+12  1.552E+12 3.981E-10  201.0   810  9.894E+07  6.368E+10  3.988E+07  1.428E+05   69.0   70.8    2.5    4.0    4.0    4.0    2.0    2.0    3.0
2020  5 16 137 12.00  100.0   55.0   45.0  4.391E+11  6.400E+12  1.540E+12 3.954E-10  201.5   811  9.812E+07  6.322E+10  3.990E+07  1.422E+05   69.4   70.8    2.6    3.0    3.0    2.0    0.0    2.5    2.0
2020  5 17 138 12.00  100.0   55.0   45.0  4.380E+11  6.357E+12  1.529E+12 3.928E-10  202.0   812  9.738E+07  6.273E+10  3.995E+07  1.383E+05   71.0   70.8    2.0    3.0    0.0    2.0    0.0    2.6    2.5
2020  5 18 139 12.00  100.0   55.0   45.0  4.345E+11  6.314E+12  1.518E+12 3.900E-10  202.6   816  9.652E+07  6.231E+10  3.990E+07  1.414E+05   71.2   70.8    2.9    2.0    0.0    0.0    2.0    2.0    2.6
2020  5 19 140 12.00  100.0   55.0   45.0  4.302E+11  6.270E+12  1.508E+12 3.873E-10  203.1   824  9.561E+07  6.192E+10  3.980E+07  1.482E+05   71.8   70.8    4.5    6.0    5.0    4.0    4.0    2.9    2.0
2020  5 20 141 12.00  100.0   55.0   45.0  4.308E+11  6.231E+12  1.496E+12 3.848E-10  203.5   812  9.501E+07  6.140E+10  4.000E+07  1.356E+05   70.3   70.9    2.4    2.0    0.0    2.0    4.0    4.5    2.9
2020  5 21 142 12.00  100.0   55.0   45.0  4.257E+11  6.187E+12  1.486E+12 3.821E-10  204.1   822  9.408E+07  6.104E+10  3.984E+07  1.454E+05   71.3   70.9    4.6    3.0    4.0    7.0    4.0    2.4    4.5
2020  5 22 143 12.00  100.0   55.0   45.0  4.227E+11  6.146E+12  1.476E+12 3.796E-10  204.6   826  9.328E+07  6.063E+10  3.979E+07  1.477E+05   71.9   70.9    5.4    3.0    4.0    4.0    6.0    4.6    2.4
2020  5 23 144 12.00  100.0   55.0   45.0  4.236E+11  6.108E+12  1.464E+12 3.771E-10  205.1   819  9.271E+07  6.013E+10  3.994E+07  1.362E+05   72.6   70.9    3.1    2.0    4.0    6.0    5.0    5.4    4.6
2020  5 24 145 12.00  100.0   55.0   45.0  4.202E+11  6.067E+12  1.454E+12 3.746E-10  205.6   818  9.192E+07  5.974E+10  3.991E+07  1.380E+05   70.9   70.9    4.0    2.0    0.0    2.0    3.0    3.1    5.4
2020  5 25 146 12.00  100.0   55.0   45.0  4.171E+11  6.027E+12  1.444E+12 3.721E-10  206.1   820  9.115E+07  5.935E+10  3.988E+07  1.399E+05   70.6   70.9    4.8    3.0    4.0    4.0    6.0    4.0    3.1
2020  5 26 147 12.00  100.0   55.0   45.0  4.175E+11  5.990E+12  1.434E+12 3.698E-10  206.5   817  9.057E+07  5.889E+10  3.996E+07  1.319E+05   72.1   70.9    3.1    3.0    3.0    3.0    4.0    4.8    4.0
2020  5 27 148 12.00  100.0   55.0   45.0  4.156E+11  5.952E+12  1.424E+12 3.675E-10  207.0   815  8.989E+07  5.848E+10  3.998E+07  1.297E+05   71.6   70.9    3.0    4.0    2.0    2.0    4.0    3.1    4.8
2020  5 28 149 12.00  100.0   55.0   45.0  4.144E+11  5.916E+12  1.414E+12 3.652E-10  207.4   808  8.926E+07  5.807E+10  4.005E+07  1.247E+05   69.9   70.9    2.4    2.0    2.0    3.0    0.0    3.0    3.1
2020  5 29 150 12.00  100.0   55.0   45.0  4.119E+11  5.878E+12  1.404E+12 3.629E-10  207.9   808  8.856E+07  5.769E+10  4.003E+07  1.250E+05   69.3   70.9    2.8    2.0    2.0    2.0    3.0    2.4    3.0
