Year Mon Day DOY hour Heit(km) Lat  Lon Oden(cm-3) N2den(cm-3) O2den(cm-3) air(gm/cm3) T(K) exoT(K) Heden(cm-3)Arden(cm-3) Hden(cm-3) Nden(cm-3) F107 F107a apdaily  ap0-3 ap3-6 ap6-9 ap9-12 ap12-33 ap33-59
1961  1  1   1 12.00  100.0   55.0   45.0  4.865E+11  8.112E+12  2.038E+12 5.041E-10  185.7   938  1.396E+08  8.377E+10  1.661E+07  2.274E+05  163.0  125.6    7.4    6.0   15.0   12.0   12.0   15.4   16.8
1962  1  1   1 12.00  100.0   55.0   45.0  4.635E+11  8.025E+12  2.035E+12 4.992E-10  185.2   765  1.386E+08  8.288E+10  1.770E+07  1.461E+05   93.0   91.9    5.6    3.0    4.0   18.0    6.0    7.0   16.1
1963  1  1   1 12.00  100.0   55.0   45.0  4.559E+11  7.993E+12  2.033E+12 4.974E-10  184.9   707  1.383E+08  8.254E+10  1.811E+07  1.275E+05   75.5   79.6    4.8    4.0    6.0    7.0    3.0   11.9    3.9
1964  1  1   1 12.00  100.0   55.0   45.0  4.518E+11  7.980E+12  2.033E+12 4.967E-10  184.9   692  1.379E+08  8.243E+10  1.820E+07  1.255E+05   71.0   75.1    5.8    6.0    6.0    2.0    4.0    2.8    5.2
1965  1  1   1 12.00  100.0   55.0   45.0  4.552E+11  7.980E+12  2.031E+12 4.967E-10  184.8   691  1.384E+08  8.237E+10  1.827E+07  1.201E+05   75.9   74.3    3.0    2.0    3.0    3.0    0.0    2.9    1.9
1966  1  1   1 12.00  100.0   55.0   45.0  4.590E+11  7.992E+12  2.031E+12 4.974E-10  184.8   701  1.387E+08  8.248E+10  1.820E+07  1.208E+05   78.1   78.6    2.1    0.0    2.0    5.0    2.0    3.2    5.8
1967  1  1   1 12.00  100.0   55.0   45.0  4.762E+11  8.120E+12  2.043E+12 5.045E-10  185.9   898  1.388E+08  8.396E+10  1.661E+07  2.244E+05  120.5  129.9   17.5   15.0    6.0    9.0    9.0    3.0    5.6
1968  1  1   1 12.00  100.0   55.0   45.0  4.950E+11  8.228E+12  2.046E+12 5.103E-10  186.6  1007  1.396E+08  8.502E+10  1.575E+07  3.197E+05  152.6  170.4   25.5   22.0   39.0   39.0   39.0   59.1    8.8
1969  1  1   1 12.00  100.0   55.0   45.0  4.918E+11  8.158E+12  2.040E+12 5.065E-10  186.0   929  1.401E+08  8.421E+10  1.648E+07  2.242E+05  139.6  142.2    7.8   12.0    5.0    5.0   12.0   10.8    7.8
1970  1  1   1 12.00  100.0   55.0   45.0  4.980E+11  8.186E+12  2.040E+12 5.080E-10  186.1   960  1.405E+08  8.447E+10  1.627E+07  2.436E+05  151.3  152.5    7.5    3.0    6.0    7.0    3.0    2.9    2.5
1971  1  1   1 12.00  100.0   55.0   45.0  4.981E+11  8.180E+12  2.039E+12 5.077E-10  186.0   922  1.406E+08  8.439E+10  1.645E+07  2.183E+05  133.3  149.8    5.9    5.0    4.0    6.0   15.0    2.4   12.9
1972  1  1   1 12.00  100.0   55.0   45.0  4.756E+11  8.086E+12  2.038E+12 5.026E-10  185.6   834  1.392E+08  8.352E+10  1.713E+07  1.756E+05  106.8  115.3    7.4    4.0    4.0    4.0    9.0    7.4   15.9
1973  1  1   1 12.00  100.0   55.0   45.0  4.624E+11  8.042E+12  2.038E+12 5.002E-10  185.4   794  1.382E+08  8.314E+10  1.740E+07  1.665E+05   94.3   99.8   11.2   18.0    9.0   18.0   27.0   12.6   18.6
1974  1  1   1 12.00  100.0   55.0   45.0  4.460E+11  7.990E+12  2.038E+12 4.973E-10  185.2   727  1.371E+08  8.266E+10  1.784E+07  1.506E+05   72.0   80.9   16.8    9.0   12.0   22.0   27.0   17.4   14.6
1975  1  1   1 12.00  100.0   55.0   45.0  4.528E+11  7.989E+12  2.034E+12 4.972E-10  185.0   714  1.379E+08  8.254E+10  1.804E+07  1.340E+05   76.1   78.9    7.4    5.0    7.0   15.0    9.0   14.5    6.0
1976  1  1   1 12.00  100.0   55.0   45.0  4.523E+11  7.975E+12  2.032E+12 4.964E-10  184.8   686  1.381E+08  8.235E+10  1.829E+07  1.214E+05   72.1   72.8    4.4    6.0    4.0    3.0    5.0    6.9   11.2
1977  1  1   1 12.00  100.0   55.0   45.0  4.435E+11  7.975E+12  2.038E+12 4.965E-10  185.1   725  1.368E+08  8.251E+10  1.791E+07  1.498E+05   76.4   75.4   16.9   22.0   22.0   15.0   12.0   12.5   12.8
1978  1  1   1 12.00  100.0   55.0   45.0  4.737E+11  8.067E+12  2.037E+12 5.016E-10  185.5   845  1.391E+08  8.333E+10  1.717E+07  1.780E+05  120.2  108.5    6.9    5.0    6.0    7.0    6.0    6.2    5.4
1979  1  1   1 12.00  100.0   55.0   45.0  5.097E+11  8.254E+12  2.042E+12 5.116E-10  186.6  1056  1.409E+08  8.511E+10  1.566E+07  3.318E+05  195.1  178.0    9.8    6.0    6.0   15.0    7.0   18.1   27.1
1980  1  1   1 12.00  100.0   55.0   45.0  5.101E+11  8.306E+12  2.047E+12 5.143E-10  187.0  1084  1.404E+08  8.569E+10  1.524E+07  4.076E+05  188.9  198.7   23.9   18.0    9.0    9.0    9.0    8.6   20.5
1981  1  1   1 12.00  100.0   55.0   45.0  5.131E+11  8.289E+12  2.043E+12 5.135E-10  186.8  1079  1.409E+08  8.547E+10  1.542E+07  3.724E+05  199.0  191.6   13.1   18.0    9.0   27.0    7.0   15.1   12.6
1982  1  1   1 12.00  100.0   55.0   45.0  5.183E+11  8.296E+12  2.042E+12 5.138E-10  186.8  1049  1.414E+08  8.547E+10  1.555E+07  3.317E+05  182.8  193.0    8.9    6.0    6.0    6.0    7.0   17.6   30.0
1983  1  1   1 12.00  100.0   55.0   45.0  4.997E+11  8.210E+12  2.042E+12 5.093E-10  186.3   949  1.403E+08  8.474E+10  1.614E+07  2.518E+05  134.4  161.9   11.4    6.0   12.0   22.0    9.0    7.0   15.4
1984  1  1   1 12.00  100.0   55.0   45.0  4.539E+11  8.046E+12  2.043E+12 5.004E-10  185.6   801  1.373E+08  8.331E+10  1.719E+07  1.892E+05   83.8  103.0   28.2   18.0   39.0   32.0   39.0   26.9   33.0
1985  1  1   1 12.00  100.0   55.0   45.0  4.348E+11  7.966E+12  2.041E+12 4.960E-10  185.2   725  1.360E+08  8.252E+10  1.782E+07  1.626E+05   70.0   73.5   32.8   22.0   22.0   32.0   18.0   24.0   21.1
1986  1  1   1 12.00  100.0   55.0   45.0  4.380E+11  7.972E+12  2.040E+12 4.963E-10  185.1   715  1.364E+08  8.254E+10  1.789E+07  1.541E+05   66.6   75.0   25.0   18.0   22.0   22.0   18.0   22.2   45.5
1987  1  1   1 12.00  100.0   55.0   45.0  4.393E+11  7.962E+12  2.037E+12 4.958E-10  185.0   701  1.366E+08  8.239E+10  1.806E+07  1.438E+05   68.1   70.6   18.0   22.0   22.0   15.0    9.0    6.8    4.1
1988  1  1   1 12.00  100.0   55.0   45.0  4.694E+11  8.046E+12  2.035E+12 5.004E-10  185.3   788  1.391E+08  8.307E+10  1.754E+07  1.521E+05   99.7   99.6    4.8    4.0    3.0    3.0    3.0    4.5    2.6
1989  1  1   1 12.00  100.0   55.0   45.0  5.186E+11  8.320E+12  2.045E+12 5.151E-10  187.0  1058  1.410E+08  8.575E+10  1.534E+07  3.682E+05  177.6  202.7   15.4    9.0   15.0   18.0   27.0   11.5   10.6
1990  1  1   1 12.00  100.0   55.0   45.0  5.149E+11  8.310E+12  2.045E+12 5.146E-10  187.0  1135  1.408E+08  8.567E+10  1.513E+07  4.616E+05  236.7  199.7   16.4   18.0   12.0   15.0    7.0   35.0   30.0
1991  1  1   1 12.00  100.0   55.0   45.0  5.271E+11  8.331E+12  2.041E+12 5.157E-10  186.9  1049  1.419E+08  8.575E+10  1.545E+07  3.377E+05  180.6  205.1    7.5    4.0    5.0   12.0   27.0    9.1   11.5
1992  1  1   1 12.00  100.0   55.0   45.0  5.213E+11  8.330E+12  2.043E+12 5.156E-10  187.1  1131  1.414E+08  8.580E+10  1.514E+07  4.455E+05  235.0  206.4   11.6    9.0   12.0    7.0   12.0    9.4   16.0
1993  1  1   1 12.00  100.0   55.0   45.0  4.845E+11  8.136E+12  2.040E+12 5.053E-10  185.9   902  1.395E+08  8.404E+10  1.662E+07  2.147E+05  125.8  134.7   10.4    7.0   15.0   18.0    7.0   10.9   10.0
1994  1  1   1 12.00  100.0   55.0   45.0  4.604E+11  8.044E+12  2.042E+12 5.005E-10  185.6   888  1.374E+08  8.328E+10  1.687E+07  2.270E+05  136.2  102.7   25.6   32.0   32.0   27.0   27.0   19.8    4.1
1995  1  1   1 12.00  100.0   55.0   45.0  4.570E+11  7.995E+12  2.033E+12 4.975E-10  184.9   705  1.384E+08  8.255E+10  1.812E+07  1.259E+05   74.8   80.3    4.1    5.0    3.0    0.0    4.0    4.8    7.2
1996  1  1   1 12.00  100.0   55.0   45.0  4.507E+11  7.970E+12  2.032E+12 4.961E-10  184.8   684  1.379E+08  8.230E+10  1.830E+07  1.219E+05   72.7   70.9    4.9    5.0    2.0    0.0    4.0    7.5    3.2
1997  1  1   1 12.00  100.0   55.0   45.0  4.531E+11  7.982E+12  2.032E+12 4.968E-10  184.9   686  1.382E+08  8.242E+10  1.825E+07  1.219E+05   69.8   75.2    4.5    3.0    3.0    6.0    7.0    5.4    9.5
1998  1  1   1 12.00  100.0   55.0   45.0  4.653E+11  8.021E+12  2.034E+12 4.990E-10  185.1   772  1.388E+08  8.282E+10  1.772E+07  1.455E+05  101.1   90.3    4.2    3.0   12.0    5.0    3.0    3.1   20.9
1999  1  1   1 12.00  100.0   55.0   45.0  4.944E+11  8.151E+12  2.038E+12 5.062E-10  185.9   965  1.402E+08  8.412E+10  1.640E+07  2.414E+05  168.8  139.6    6.2    5.0    4.0   12.0    2.0    3.6    6.5
2000  1  1   1 12.00  100.0   55.0   45.0  4.883E+11  8.201E+12  2.047E+12 5.089E-10  186.5   955  1.391E+08  8.480E+10  1.598E+07  2.853E+05  125.8  160.6   30.1   18.0   27.0   39.0   56.0   35.9   11.1
2001  1  1   1 12.00  100.0   55.0   45.0  5.118E+11  8.226E+12  2.038E+12 5.101E-10  186.2   979  1.417E+08  8.475E+10  1.616E+07  2.437E+05  163.9  165.8    2.5    4.0    4.0    2.0    0.0    2.0    3.2
2002  1  1   1 12.00  100.0   55.0   45.0  5.291E+11  8.358E+12  2.041E+12 5.170E-10  187.1  1132  1.420E+08  8.598E+10  1.511E+07  4.401E+05  237.5  215.5    7.8    5.0    9.0   12.0    9.0   14.6   20.8
2003  1  1   1 12.00  100.0   55.0   45.0  4.934E+11  8.164E+12  2.040E+12 5.069E-10  186.0   878  1.402E+08  8.426E+10  1.663E+07  2.006E+05  111.3  144.1    7.1    5.0   12.0    9.0    4.0    7.0   11.0
2004  1  1   1 12.00  100.0   55.0   45.0  4.649E+11  8.086E+12  2.043E+12 5.026E-10  185.8   855  1.380E+08  8.368E+10  1.685E+07  2.101E+05  102.1  117.7   24.2   22.0   27.0   22.0   18.0   18.6    6.1
2005  1  1   1 12.00  100.0   55.0   45.0  4.568E+11  8.033E+12  2.040E+12 4.997E-10  185.4   802  1.376E+08  8.311E+10  1.734E+07  1.777E+05   95.2   97.4   17.5    9.0   15.0   18.0    6.0    6.8   18.4
2006  1  1   1 12.00  100.0   55.0   45.0  4.569E+11  8.001E+12  2.034E+12 4.979E-10  185.0   736  1.382E+08  8.266E+10  1.790E+07  1.390E+05   84.5   83.3    6.6    4.0    3.0    5.0   12.0   11.1    8.4
2007  1  1   1 12.00  100.0   55.0   45.0  4.530E+11  7.994E+12  2.035E+12 4.975E-10  185.1   734  1.377E+08  8.262E+10  1.789E+07  1.429E+05   82.3   81.3    9.2   12.0    4.0    3.0    5.0    1.8    3.0
2008  1  1   1 12.00  100.0   55.0   45.0  4.528E+11  7.975E+12  2.032E+12 4.964E-10  184.8   688  1.381E+08  8.234E+10  1.829E+07  1.212E+05   74.2   72.5    4.0    4.0    3.0    6.0    6.0    5.1    4.0
2009  1  1   1 12.00  100.0   55.0   45.0  4.455E+11  7.959E+12  2.033E+12 4.955E-10  184.8   672  1.374E+08  8.223E+10  1.835E+07  1.230E+05   67.0   67.3    7.2    7.0   12.0    9.0    6.0   13.1    0.8
2010  1  1   1 12.00  100.0   55.0   45.0  4.604E+11  7.990E+12  2.030E+12 4.972E-10  184.8   690  1.391E+08  8.242E+10  1.831E+07  1.146E+05   77.2   77.0    0.5    0.0    0.0    0.0    0.0    0.2    0.0
2011  1  1   1 12.00  100.0   55.0   45.0  4.597E+11  7.999E+12  2.033E+12 4.978E-10  185.0   731  1.386E+08  8.258E+10  1.800E+07  1.319E+05   87.9   81.6    3.8    3.0    0.0    3.0    5.0    3.9    4.1
2012  1  1   1 12.00  100.0   55.0   45.0  4.880E+11  8.125E+12  2.037E+12 5.047E-10  185.7   884  1.402E+08  8.385E+10  1.684E+07  1.913E+05  128.5  129.2    4.5    2.0    3.0    4.0    6.0    5.5    7.0
2013  1  1   1 12.00  100.0   55.0   45.0  4.828E+11  8.086E+12  2.034E+12 5.026E-10  185.4   817  1.403E+08  8.340E+10  1.735E+07  1.540E+05  109.8  113.5    1.1    0.0    2.0    2.0    3.0    1.0    4.6
2014  1  1   1 12.00  100.0   55.0   45.0  4.930E+11  8.179E+12  2.042E+12 5.076E-10  186.2   948  1.400E+08  8.445E+10  1.628E+07  2.451E+05  140.5  150.5   11.1    7.0    7.0    5.0    3.0    4.9    1.9
2015  1  1   1 12.00  100.0   55.0   45.0  4.968E+11  8.174E+12  2.039E+12 5.074E-10  186.0   912  1.405E+08  8.433E+10  1.652E+07  2.122E+05  129.2  147.4    5.8    4.0    4.0    4.0    9.0    7.6   14.9
2016  1  1   1 12.00  100.0   55.0   45.0  4.559E+11  8.052E+12  2.043E+12 5.008E-10  185.6   823  1.374E+08  8.337E+10  1.708E+07  1.978E+05   93.0  105.6   28.1   18.0   48.0   56.0   80.0   35.0    2.5
2017  1  1   1 12.00  100.0   55.0   45.0  4.453E+11  7.974E+12  2.036E+12 4.964E-10  185.0   705  1.371E+08  8.245E+10  1.806E+07  1.386E+05   71.1   74.2   12.2    9.0   12.0   22.0   18.0   12.1    2.5
2018  1  1   1 12.00  100.0   55.0   45.0  4.441E+11  7.963E+12  2.035E+12 4.958E-10  184.9   687  1.371E+08  8.232E+10  1.821E+07  1.312E+05   68.3   69.7   10.4    9.0    9.0   22.0   18.0    2.6    3.0
2019  1  1   1 12.00  100.0   55.0   45.0  4.487E+11  7.963E+12  2.032E+12 4.958E-10  184.8   668  1.378E+08  8.224E+10  1.840E+07  1.181E+05   67.0   68.4    4.9    6.0   12.0    5.0    4.0    6.6    9.4
2020  1  1   1 12.00  100.0   55.0   45.0  4.521E+11  7.967E+12  2.030E+12 4.960E-10  184.7   664  1.383E+08  8.223E+10  1.846E+07  1.129E+05   68.2   69.2    2.5    3.0    0.0    0.0    2.0    2.9    1.5
2021  1  1   1 12.00  100.0   55.0   45.0  4.592E+11  7.995E+12  2.032E+12 4.975E-10  184.9   705  1.387E+08  8.252E+10  1.816E+07  1.227E+05   78.5   79.8    2.5    2.0    3.0    2.0    0.0    2.8    7.5
