Year Mon Day DOY hour Heit(km) Lat  Lon Oden(cm-3) N2den(cm-3) O2den(cm-3) air(gm/cm3) T(K) exoT(K) Heden(cm-3)Arden(cm-3) Hden(cm-3) Nden(cm-3) F107 F107a apdaily  ap0-3 ap3-6 ap6-9 ap9-12 ap12-33 ap33-59
2020  1  1   1 12.00   50.0  -90.0   45.0  9.999E-38  2.050E+16  5.498E+15 1.262E-06  292.7   961  1.365E+11  2.450E+14  9.999E-38  9.999E-38   68.2   69.2    2.5    3.0    0.0    0.0    2.0    2.9    1.5
2020  1  1   1 12.00   50.0  -89.0   45.0  9.999E-38  2.048E+16  5.491E+15 1.261E-06  292.9   962  1.364E+11  2.447E+14  9.999E-38  9.999E-38   68.2   69.2    2.5    3.0    0.0    0.0    2.0    2.9    1.5
2020  1  1   1 12.00   50.0  -88.0   45.0  9.999E-38  2.045E+16  5.484E+15 1.259E-06  293.1   963  1.362E+11  2.444E+14  9.999E-38  9.999E-38   68.2   69.2    2.5    3.0    0.0    0.0    2.0    2.9    1.5
2020  1  1   1 12.00   50.0  -87.0   45.0  9.999E-38  2.043E+16  5.477E+15 1.257E-06  293.3   963  1.360E+11  2.441E+14  9.999E-38  9.999E-38   68.2   69.2    2.5    3.0    0.0    0.0    2.0    2.9    1.5
2020  1  1   1 12.00   50.0  -86.0   45.0  9.999E-38  2.040E+16  5.470E+15 1.256E-06  293.4   963  1.359E+11  2.438E+14  9.999E-38  9.999E-38   68.2   69.2    2.5    3.0    0.0    0.0    2.0    2.9    1.5
2020  1  1   1 12.00   50.0  -85.0   45.0  9.999E-38  2.037E+16  5.463E+15 1.254E-06  293.5   963  1.357E+11  2.435E+14  9.999E-38  9.999E-38   68.2   69.2    2.5    3.0    0.0    0.0    2.0    2.9    1.5
2020  1  1   1 12.00   50.0  -84.0   45.0  9.999E-38  2.035E+16  5.456E+15 1.253E-06  293.5   962  1.355E+11  2.432E+14  9.999E-38  9.999E-38   68.2   69.2    2.5    3.0    0.0    0.0    2.0    2.9    1.5
2020  1  1   1 12.00   50.0  -83.0   45.0  9.999E-38  2.032E+16  5.450E+15 1.251E-06  293.5   961  1.353E+11  2.429E+14  9.999E-38  9.999E-38   68.2   69.2    2.5    3.0    0.0    0.0    2.0    2.9    1.5
2020  1  1   1 12.00   50.0  -82.0   45.0  9.999E-38  2.030E+16  5.443E+15 1.249E-06  293.5   960  1.352E+11  2.426E+14  9.999E-38  9.999E-38   68.2   69.2    2.5    3.0    0.0    0.0    2.0    2.9    1.5
2020  1  1   1 12.00   50.0  -81.0   45.0  9.999E-38  2.027E+16  5.436E+15 1.248E-06  293.4   958  1.350E+11  2.423E+14  9.999E-38  9.999E-38   68.2   69.2    2.5    3.0    0.0    0.0    2.0    2.9    1.5
2020  1  1   1 12.00   50.0  -80.0   45.0  9.999E-38  2.025E+16  5.429E+15 1.246E-06  293.3   956  1.348E+11  2.420E+14  9.999E-38  9.999E-38   68.2   69.2    2.5    3.0    0.0    0.0    2.0    2.9    1.5
2020  1  1   1 12.00   50.0  -79.0   45.0  9.999E-38  2.022E+16  5.422E+15 1.245E-06  293.1   954  1.347E+11  2.417E+14  9.999E-38  9.999E-38   68.2   69.2    2.5    3.0    0.0    0.0    2.0    2.9    1.5
2020  1  1   1 12.00   50.0  -78.0   45.0  9.999E-38  2.020E+16  5.415E+15 1.243E-06  292.9   952  1.345E+11  2.414E+14  9.999E-38  9.999E-38   68.2   69.2    2.5    3.0    0.0    0.0    2.0    2.9    1.5
2020  1  1   1 12.00   50.0  -77.0   45.0  9.999E-38  2.017E+16  5.409E+15 1.242E-06  292.7   950  1.343E+11  2.411E+14  9.999E-38  9.999E-38   68.2   69.2    2.5    3.0    0.0    0.0    2.0    2.9    1.5
2020  1  1   1 12.00   50.0  -76.0   45.0  9.999E-38  2.014E+16  5.402E+15 1.240E-06  292.4   947  1.342E+11  2.407E+14  9.999E-38  9.999E-38   68.2   69.2    2.5    3.0    0.0    0.0    2.0    2.9    1.5
2020  1  1   1 12.00   50.0  -75.0   45.0  9.999E-38  2.012E+16  5.395E+15 1.238E-06  292.0   944  1.340E+11  2.404E+14  9.999E-38  9.999E-38   68.2   69.2    2.5    3.0    0.0    0.0    2.0    2.9    1.5
2020  1  1   1 12.00   50.0  -74.0   45.0  9.999E-38  2.009E+16  5.388E+15 1.237E-06  291.7   941  1.338E+11  2.401E+14  9.999E-38  9.999E-38   68.2   69.2    2.5    3.0    0.0    0.0    2.0    2.9    1.5
2020  1  1   1 12.00   50.0  -73.0   45.0  9.999E-38  2.007E+16  5.381E+15 1.235E-06  291.3   938  1.336E+11  2.398E+14  9.999E-38  9.999E-38   68.2   69.2    2.5    3.0    0.0    0.0    2.0    2.9    1.5
2020  1  1   1 12.00   50.0  -72.0   45.0  9.999E-38  2.004E+16  5.374E+15 1.234E-06  290.8   935  1.334E+11  2.395E+14  9.999E-38  9.999E-38   68.2   69.2    2.5    3.0    0.0    0.0    2.0    2.9    1.5
2020  1  1   1 12.00   50.0  -71.0   45.0  9.999E-38  2.001E+16  5.366E+15 1.232E-06  290.4   931  1.333E+11  2.391E+14  9.999E-38  9.999E-38   68.2   69.2    2.5    3.0    0.0    0.0    2.0    2.9    1.5
2020  1  1   1 12.00   50.0  -70.0   45.0  9.999E-38  1.998E+16  5.358E+15 1.230E-06  289.9   928  1.331E+11  2.388E+14  9.999E-38  9.999E-38   68.2   69.2    2.5    3.0    0.0    0.0    2.0    2.9    1.5
2020  1  1   1 12.00   50.0  -69.0   45.0  9.999E-38  1.995E+16  5.350E+15 1.228E-06  289.3   924  1.329E+11  2.384E+14  9.999E-38  9.999E-38   68.2   69.2    2.5    3.0    0.0    0.0    2.0    2.9    1.5
2020  1  1   1 12.00   50.0  -68.0   45.0  9.999E-38  1.992E+16  5.341E+15 1.226E-06  288.8   921  1.326E+11  2.380E+14  9.999E-38  9.999E-38   68.2   69.2    2.5    3.0    0.0    0.0    2.0    2.9    1.5
2020  1  1   1 12.00   50.0  -67.0   45.0  9.999E-38  1.988E+16  5.332E+15 1.224E-06  288.2   917  1.324E+11  2.376E+14  9.999E-38  9.999E-38   68.2   69.2    2.5    3.0    0.0    0.0    2.0    2.9    1.5
2020  1  1   1 12.00   50.0  -66.0   45.0  9.999E-38  1.985E+16  5.323E+15 1.222E-06  287.5   913  1.322E+11  2.372E+14  9.999E-38  9.999E-38   68.2   69.2    2.5    3.0    0.0    0.0    2.0    2.9    1.5
2020  1  1   1 12.00   50.0  -65.0   45.0  9.999E-38  1.981E+16  5.312E+15 1.220E-06  286.9   910  1.319E+11  2.368E+14  9.999E-38  9.999E-38   68.2   69.2    2.5    3.0    0.0    0.0    2.0    2.9    1.5
2020  1  1   1 12.00   50.0  -64.0   45.0  9.999E-38  1.977E+16  5.302E+15 1.217E-06  286.2   906  1.317E+11  2.363E+14  9.999E-38  9.999E-38   68.2   69.2    2.5    3.0    0.0    0.0    2.0    2.9    1.5
2020  1  1   1 12.00   50.0  -63.0   45.0  9.999E-38  1.973E+16  5.290E+15 1.214E-06  285.6   903  1.314E+11  2.358E+14  9.999E-38  9.999E-38   68.2   69.2    2.5    3.0    0.0    0.0    2.0    2.9    1.5
2020  1  1   1 12.00   50.0  -62.0   45.0  9.999E-38  1.968E+16  5.278E+15 1.212E-06  284.9   899  1.311E+11  2.352E+14  9.999E-38  9.999E-38   68.2   69.2    2.5    3.0    0.0    0.0    2.0    2.9    1.5
2020  1  1   1 12.00   50.0  -61.0   45.0  9.999E-38  1.964E+16  5.266E+15 1.209E-06  284.1   895  1.308E+11  2.347E+14  9.999E-38  9.999E-38   68.2   69.2    2.5    3.0    0.0    0.0    2.0    2.9    1.5
2020  1  1   1 12.00   50.0  -60.0   45.0  9.999E-38  1.959E+16  5.252E+15 1.206E-06  283.4   892  1.304E+11  2.341E+14  9.999E-38  9.999E-38   68.2   69.2    2.5    3.0    0.0    0.0    2.0    2.9    1.5
2020  1  1   1 12.00   50.0  -59.0   45.0  9.999E-38  1.953E+16  5.238E+15 1.202E-06  282.7   888  1.301E+11  2.334E+14  9.999E-38  9.999E-38   68.2   69.2    2.5    3.0    0.0    0.0    2.0    2.9    1.5
2020  1  1   1 12.00   50.0  -58.0   45.0  9.999E-38  1.948E+16  5.223E+15 1.199E-06  281.9   885  1.297E+11  2.328E+14  9.999E-38  9.999E-38   68.2   69.2    2.5    3.0    0.0    0.0    2.0    2.9    1.5
2020  1  1   1 12.00   50.0  -57.0   45.0  9.999E-38  1.942E+16  5.207E+15 1.195E-06  281.2   882  1.293E+11  2.321E+14  9.999E-38  9.999E-38   68.2   69.2    2.5    3.0    0.0    0.0    2.0    2.9    1.5
2020  1  1   1 12.00   50.0  -56.0   45.0  9.999E-38  1.936E+16  5.191E+15 1.192E-06  280.4   878  1.289E+11  2.313E+14  9.999E-38  9.999E-38   68.2   69.2    2.5    3.0    0.0    0.0    2.0    2.9    1.5
2020  1  1   1 12.00   50.0  -55.0   45.0  9.999E-38  1.929E+16  5.173E+15 1.188E-06  279.7   875  1.285E+11  2.306E+14  9.999E-38  9.999E-38   68.2   69.2    2.5    3.0    0.0    0.0    2.0    2.9    1.5
2020  1  1   1 12.00   50.0  -54.0   45.0  9.999E-38  1.922E+16  5.155E+15 1.183E-06  279.0   872  1.280E+11  2.298E+14  9.999E-38  9.999E-38   68.2   69.2    2.5    3.0    0.0    0.0    2.0    2.9    1.5
2020  1  1   1 12.00   50.0  -53.0   45.0  9.999E-38  1.915E+16  5.136E+15 1.179E-06  278.2   869  1.276E+11  2.289E+14  9.999E-38  9.999E-38   68.2   69.2    2.5    3.0    0.0    0.0    2.0    2.9    1.5
2020  1  1   1 12.00   50.0  -52.0   45.0  9.999E-38  1.908E+16  5.117E+15 1.175E-06  277.5   866  1.271E+11  2.280E+14  9.999E-38  9.999E-38   68.2   69.2    2.5    3.0    0.0    0.0    2.0    2.9    1.5
2020  1  1   1 12.00   50.0  -51.0   45.0  9.999E-38  1.900E+16  5.096E+15 1.170E-06  276.8   863  1.266E+11  2.271E+14  9.999E-38  9.999E-38   68.2   69.2    2.5    3.0    0.0    0.0    2.0    2.9    1.5
2020  1  1   1 12.00   50.0  -50.0   45.0  9.999E-38  1.893E+16  5.075E+15 1.165E-06  276.1   860  1.260E+11  2.262E+14  9.999E-38  9.999E-38   68.2   69.2    2.5    3.0    0.0    0.0    2.0    2.9    1.5
2020  1  1   1 12.00   50.0  -49.0   45.0  9.999E-38  1.884E+16  5.053E+15 1.160E-06  275.4   858  1.255E+11  2.252E+14  9.999E-38  9.999E-38   68.2   69.2    2.5    3.0    0.0    0.0    2.0    2.9    1.5
2020  1  1   1 12.00   50.0  -48.0   45.0  9.999E-38  1.876E+16  5.031E+15 1.155E-06  274.7   855  1.249E+11  2.242E+14  9.999E-38  9.999E-38   68.2   69.2    2.5    3.0    0.0    0.0    2.0    2.9    1.5
2020  1  1   1 12.00   50.0  -47.0   45.0  9.999E-38  1.868E+16  5.008E+15 1.150E-06  274.0   852  1.244E+11  2.232E+14  9.999E-38  9.999E-38   68.2   69.2    2.5    3.0    0.0    0.0    2.0    2.9    1.5
2020  1  1   1 12.00   50.0  -46.0   45.0  9.999E-38  1.859E+16  4.985E+15 1.144E-06  273.3   850  1.238E+11  2.222E+14  9.999E-38  9.999E-38   68.2   69.2    2.5    3.0    0.0    0.0    2.0    2.9    1.5
2020  1  1   1 12.00   50.0  -45.0   45.0  9.999E-38  1.850E+16  4.961E+15 1.139E-06  272.7   848  1.232E+11  2.211E+14  9.999E-38  9.999E-38   68.2   69.2    2.5    3.0    0.0    0.0    2.0    2.9    1.5
2020  1  1   1 12.00   50.0  -44.0   45.0  9.999E-38  1.841E+16  4.937E+15 1.133E-06  272.1   845  1.226E+11  2.200E+14  9.999E-38  9.999E-38   68.2   69.2    2.5    3.0    0.0    0.0    2.0    2.9    1.5
2020  1  1   1 12.00   50.0  -43.0   45.0  9.999E-38  1.832E+16  4.912E+15 1.128E-06  271.5   843  1.220E+11  2.189E+14  9.999E-38  9.999E-38   68.2   69.2    2.5    3.0    0.0    0.0    2.0    2.9    1.5
2020  1  1   1 12.00   50.0  -42.0   45.0  9.999E-38  1.823E+16  4.887E+15 1.122E-06  270.9   841  1.214E+11  2.178E+14  9.999E-38  9.999E-38   68.2   69.2    2.5    3.0    0.0    0.0    2.0    2.9    1.5
2020  1  1   1 12.00   50.0  -41.0   45.0  9.999E-38  1.813E+16  4.863E+15 1.116E-06  270.4   839  1.208E+11  2.167E+14  9.999E-38  9.999E-38   68.2   69.2    2.5    3.0    0.0    0.0    2.0    2.9    1.5
2020  1  1   1 12.00   50.0  -40.0   45.0  9.999E-38  1.804E+16  4.838E+15 1.111E-06  269.9   837  1.201E+11  2.156E+14  9.999E-38  9.999E-38   68.2   69.2    2.5    3.0    0.0    0.0    2.0    2.9    1.5
2020  1  1   1 12.00   50.0  -39.0   45.0  9.999E-38  1.795E+16  4.813E+15 1.105E-06  269.4   835  1.195E+11  2.145E+14  9.999E-38  9.999E-38   68.2   69.2    2.5    3.0    0.0    0.0    2.0    2.9    1.5
2020  1  1   1 12.00   50.0  -38.0   45.0  9.999E-38  1.785E+16  4.788E+15 1.099E-06  268.9   833  1.189E+11  2.134E+14  9.999E-38  9.999E-38   68.2   69.2    2.5    3.0    0.0    0.0    2.0    2.9    1.5
2020  1  1   1 12.00   50.0  -37.0   45.0  9.999E-38  1.776E+16  4.763E+15 1.093E-06  268.4   831  1.183E+11  2.123E+14  9.999E-38  9.999E-38   68.2   69.2    2.5    3.0    0.0    0.0    2.0    2.9    1.5
2020  1  1   1 12.00   50.0  -36.0   45.0  9.999E-38  1.767E+16  4.738E+15 1.088E-06  268.0   829  1.177E+11  2.112E+14  9.999E-38  9.999E-38   68.2   69.2    2.5    3.0    0.0    0.0    2.0    2.9    1.5
2020  1  1   1 12.00   50.0  -35.0   45.0  9.999E-38  1.758E+16  4.714E+15 1.082E-06  267.6   828  1.171E+11  2.101E+14  9.999E-38  9.999E-38   68.2   69.2    2.5    3.0    0.0    0.0    2.0    2.9    1.5
2020  1  1   1 12.00   50.0  -34.0   45.0  9.999E-38  1.749E+16  4.690E+15 1.077E-06  267.2   826  1.165E+11  2.090E+14  9.999E-38  9.999E-38   68.2   69.2    2.5    3.0    0.0    0.0    2.0    2.9    1.5
2020  1  1   1 12.00   50.0  -33.0   45.0  9.999E-38  1.740E+16  4.667E+15 1.071E-06  266.9   824  1.159E+11  2.080E+14  9.999E-38  9.999E-38   68.2   69.2    2.5    3.0    0.0    0.0    2.0    2.9    1.5
2020  1  1   1 12.00   50.0  -32.0   45.0  9.999E-38  1.732E+16  4.644E+15 1.066E-06  266.6   823  1.153E+11  2.070E+14  9.999E-38  9.999E-38   68.2   69.2    2.5    3.0    0.0    0.0    2.0    2.9    1.5
2020  1  1   1 12.00   50.0  -31.0   45.0  9.999E-38  1.723E+16  4.622E+15 1.061E-06  266.3   821  1.148E+11  2.060E+14  9.999E-38  9.999E-38   68.2   69.2    2.5    3.0    0.0    0.0    2.0    2.9    1.5
2020  1  1   1 12.00   50.0  -30.0   45.0  9.999E-38  1.715E+16  4.600E+15 1.056E-06  266.0   820  1.142E+11  2.050E+14  9.999E-38  9.999E-38   68.2   69.2    2.5    3.0    0.0    0.0    2.0    2.9    1.5
2020  1  1   1 12.00   50.0  -29.0   45.0  9.999E-38  1.708E+16  4.579E+15 1.051E-06  265.7   819  1.137E+11  2.041E+14  9.999E-38  9.999E-38   68.2   69.2    2.5    3.0    0.0    0.0    2.0    2.9    1.5
2020  1  1   1 12.00   50.0  -28.0   45.0  9.999E-38  1.700E+16  4.559E+15 1.047E-06  265.5   818  1.132E+11  2.032E+14  9.999E-38  9.999E-38   68.2   69.2    2.5    3.0    0.0    0.0    2.0    2.9    1.5
2020  1  1   1 12.00   50.0  -27.0   45.0  9.999E-38  1.693E+16  4.539E+15 1.042E-06  265.3   816  1.127E+11  2.023E+14  9.999E-38  9.999E-38   68.2   69.2    2.5    3.0    0.0    0.0    2.0    2.9    1.5
2020  1  1   1 12.00   50.0  -26.0   45.0  9.999E-38  1.686E+16  4.521E+15 1.038E-06  265.1   815  1.123E+11  2.015E+14  9.999E-38  9.999E-38   68.2   69.2    2.5    3.0    0.0    0.0    2.0    2.9    1.5
2020  1  1   1 12.00   50.0  -25.0   45.0  9.999E-38  1.679E+16  4.503E+15 1.034E-06  265.0   814  1.118E+11  2.007E+14  9.999E-38  9.999E-38   68.2   69.2    2.5    3.0    0.0    0.0    2.0    2.9    1.5
2020  1  1   1 12.00   50.0  -24.0   45.0  9.999E-38  1.673E+16  4.486E+15 1.030E-06  264.8   813  1.114E+11  1.999E+14  9.999E-38  9.999E-38   68.2   69.2    2.5    3.0    0.0    0.0    2.0    2.9    1.5
2020  1  1   1 12.00   50.0  -23.0   45.0  9.999E-38  1.667E+16  4.470E+15 1.026E-06  264.7   812  1.110E+11  1.992E+14  9.999E-38  9.999E-38   68.2   69.2    2.5    3.0    0.0    0.0    2.0    2.9    1.5
2020  1  1   1 12.00   50.0  -22.0   45.0  9.999E-38  1.662E+16  4.456E+15 1.023E-06  264.6   811  1.107E+11  1.986E+14  9.999E-38  9.999E-38   68.2   69.2    2.5    3.0    0.0    0.0    2.0    2.9    1.5
2020  1  1   1 12.00   50.0  -21.0   45.0  9.999E-38  1.656E+16  4.442E+15 1.020E-06  264.5   810  1.103E+11  1.980E+14  9.999E-38  9.999E-38   68.2   69.2    2.5    3.0    0.0    0.0    2.0    2.9    1.5
2020  1  1   1 12.00   50.0  -20.0   45.0  9.999E-38  1.652E+16  4.429E+15 1.017E-06  264.4   810  1.100E+11  1.974E+14  9.999E-38  9.999E-38   68.2   69.2    2.5    3.0    0.0    0.0    2.0    2.9    1.5
2020  1  1   1 12.00   50.0  -19.0   45.0  9.999E-38  1.647E+16  4.418E+15 1.014E-06  264.3   809  1.097E+11  1.969E+14  9.999E-38  9.999E-38   68.2   69.2    2.5    3.0    0.0    0.0    2.0    2.9    1.5
2020  1  1   1 12.00   50.0  -18.0   45.0  9.999E-38  1.643E+16  4.407E+15 1.012E-06  264.2   808  1.094E+11  1.964E+14  9.999E-38  9.999E-38   68.2   69.2    2.5    3.0    0.0    0.0    2.0    2.9    1.5
2020  1  1   1 12.00   50.0  -17.0   45.0  9.999E-38  1.640E+16  4.397E+15 1.009E-06  264.2   808  1.092E+11  1.960E+14  9.999E-38  9.999E-38   68.2   69.2    2.5    3.0    0.0    0.0    2.0    2.9    1.5
2020  1  1   1 12.00   50.0  -16.0   45.0  9.999E-38  1.637E+16  4.389E+15 1.008E-06  264.2   807  1.090E+11  1.956E+14  9.999E-38  9.999E-38   68.2   69.2    2.5    3.0    0.0    0.0    2.0    2.9    1.5
2020  1  1   1 12.00   50.0  -15.0   45.0  9.999E-38  1.634E+16  4.382E+15 1.006E-06  264.1   807  1.088E+11  1.953E+14  9.999E-38  9.999E-38   68.2   69.2    2.5    3.0    0.0    0.0    2.0    2.9    1.5
2020  1  1   1 12.00   50.0  -14.0   45.0  9.999E-38  1.632E+16  4.376E+15 1.004E-06  264.1   806  1.087E+11  1.950E+14  9.999E-38  9.999E-38   68.2   69.2    2.5    3.0    0.0    0.0    2.0    2.9    1.5
2020  1  1   1 12.00   50.0  -13.0   45.0  9.999E-38  1.630E+16  4.370E+15 1.003E-06  264.1   806  1.085E+11  1.948E+14  9.999E-38  9.999E-38   68.2   69.2    2.5    3.0    0.0    0.0    2.0    2.9    1.5
2020  1  1   1 12.00   50.0  -12.0   45.0  9.999E-38  1.628E+16  4.366E+15 1.002E-06  264.1   805  1.084E+11  1.946E+14  9.999E-38  9.999E-38   68.2   69.2    2.5    3.0    0.0    0.0    2.0    2.9    1.5
2020  1  1   1 12.00   50.0  -11.0   45.0  9.999E-38  1.627E+16  4.363E+15 1.002E-06  264.0   805  1.084E+11  1.945E+14  9.999E-38  9.999E-38   68.2   69.2    2.5    3.0    0.0    0.0    2.0    2.9    1.5
2020  1  1   1 12.00   50.0  -10.0   45.0  9.999E-38  1.626E+16  4.361E+15 1.001E-06  264.0   804  1.083E+11  1.944E+14  9.999E-38  9.999E-38   68.2   69.2    2.5    3.0    0.0    0.0    2.0    2.9    1.5
2020  1  1   1 12.00   50.0   -9.0   45.0  9.999E-38  1.626E+16  4.360E+15 1.001E-06  264.0   804  1.083E+11  1.943E+14  9.999E-38  9.999E-38   68.2   69.2    2.5    3.0    0.0    0.0    2.0    2.9    1.5
2020  1  1   1 12.00   50.0   -8.0   45.0  9.999E-38  1.626E+16  4.360E+15 1.001E-06  264.0   804  1.083E+11  1.943E+14  9.999E-38  9.999E-38   68.2   69.2    2.5    3.0    0.0    0.0    2.0    2.9    1.5
2020  1  1   1 12.00   50.0   -7.0   45.0  9.999E-38  1.626E+16  4.361E+15 1.001E-06  264.0   803  1.083E+11  1.944E+14  9.999E-38  9.999E-38   68.2   69.2    2.5    3.0    0.0    0.0    2.0    2.9    1.5
2020  1  1   1 12.00   50.0   -6.0   45.0  9.999E-38  1.627E+16  4.363E+15 1.002E-06  263.9   803  1.084E+11  1.945E+14  9.999E-38  9.999E-38   68.2   69.2    2.5    3.0    0.0    0.0    2.0    2.9    1.5
2020  1  1   1 12.00   50.0   -5.0   45.0  9.999E-38  1.628E+16  4.366E+15 1.002E-06  263.9   803  1.084E+11  1.946E+14  9.999E-38  9.999E-38   68.2   69.2    2.5    3.0    0.0    0.0    2.0    2.9    1.5
2020  1  1   1 12.00   50.0   -4.0   45.0  9.999E-38  1.629E+16  4.370E+15 1.003E-06  263.9   803  1.085E+11  1.947E+14  9.999E-38  9.999E-38   68.2   69.2    2.5    3.0    0.0    0.0    2.0    2.9    1.5
2020  1  1   1 12.00   50.0   -3.0   45.0  9.999E-38  1.631E+16  4.374E+15 1.004E-06  263.8   802  1.086E+11  1.949E+14  9.999E-38  9.999E-38   68.2   69.2    2.5    3.0    0.0    0.0    2.0    2.9    1.5
2020  1  1   1 12.00   50.0   -2.0   45.0  9.999E-38  1.633E+16  4.379E+15 1.005E-06  263.8   802  1.087E+11  1.952E+14  9.999E-38  9.999E-38   68.2   69.2    2.5    3.0    0.0    0.0    2.0    2.9    1.5
2020  1  1   1 12.00   50.0   -1.0   45.0  9.999E-38  1.635E+16  4.385E+15 1.007E-06  263.7   801  1.089E+11  1.954E+14  9.999E-38  9.999E-38   68.2   69.2    2.5    3.0    0.0    0.0    2.0    2.9    1.5
2020  1  1   1 12.00   50.0    0.0   45.0  9.999E-38  1.637E+16  4.391E+15 1.008E-06  263.7   801  1.090E+11  1.957E+14  9.999E-38  9.999E-38   68.2   69.2    2.5    3.0    0.0    0.0    2.0    2.9    1.5
2020  1  1   1 12.00   50.0    1.0   45.0  9.999E-38  1.640E+16  4.398E+15 1.010E-06  263.6   801  1.092E+11  1.960E+14  9.999E-38  9.999E-38   68.2   69.2    2.5    3.0    0.0    0.0    2.0    2.9    1.5
2020  1  1   1 12.00   50.0    2.0   45.0  9.999E-38  1.643E+16  4.405E+15 1.011E-06  263.5   800  1.094E+11  1.963E+14  9.999E-38  9.999E-38   68.2   69.2    2.5    3.0    0.0    0.0    2.0    2.9    1.5
2020  1  1   1 12.00   50.0    3.0   45.0  9.999E-38  1.645E+16  4.413E+15 1.013E-06  263.4   799  1.096E+11  1.967E+14  9.999E-38  9.999E-38   68.2   69.2    2.5    3.0    0.0    0.0    2.0    2.9    1.5
2020  1  1   1 12.00   50.0    4.0   45.0  9.999E-38  1.648E+16  4.420E+15 1.015E-06  263.3   799  1.098E+11  1.970E+14  9.999E-38  9.999E-38   68.2   69.2    2.5    3.0    0.0    0.0    2.0    2.9    1.5
2020  1  1   1 12.00   50.0    5.0   45.0  9.999E-38  1.652E+16  4.429E+15 1.017E-06  263.2   798  1.100E+11  1.974E+14  9.999E-38  9.999E-38   68.2   69.2    2.5    3.0    0.0    0.0    2.0    2.9    1.5
2020  1  1   1 12.00   50.0    6.0   45.0  9.999E-38  1.655E+16  4.437E+15 1.019E-06  263.1   797  1.102E+11  1.978E+14  9.999E-38  9.999E-38   68.2   69.2    2.5    3.0    0.0    0.0    2.0    2.9    1.5
2020  1  1   1 12.00   50.0    7.0   45.0  9.999E-38  1.658E+16  4.446E+15 1.021E-06  263.0   796  1.104E+11  1.981E+14  9.999E-38  9.999E-38   68.2   69.2    2.5    3.0    0.0    0.0    2.0    2.9    1.5
2020  1  1   1 12.00   50.0    8.0   45.0  9.999E-38  1.661E+16  4.454E+15 1.022E-06  262.8   795  1.106E+11  1.985E+14  9.999E-38  9.999E-38   68.2   69.2    2.5    3.0    0.0    0.0    2.0    2.9    1.5
2020  1  1   1 12.00   50.0    9.0   45.0  9.999E-38  1.664E+16  4.462E+15 1.024E-06  262.7   794  1.108E+11  1.989E+14  9.999E-38  9.999E-38   68.2   69.2    2.5    3.0    0.0    0.0    2.0    2.9    1.5
2020  1  1   1 12.00   50.0   10.0   45.0  9.999E-38  1.667E+16  4.470E+15 1.026E-06  262.6   793  1.110E+11  1.992E+14  9.999E-38  9.999E-38   68.2   69.2    2.5    3.0    0.0    0.0    2.0    2.9    1.5
2020  1  1   1 12.00   50.0   11.0   45.0  9.999E-38  1.670E+16  4.478E+15 1.028E-06  262.4   792  1.112E+11  1.996E+14  9.999E-38  9.999E-38   68.2   69.2    2.5    3.0    0.0    0.0    2.0    2.9    1.5
2020  1  1   1 12.00   50.0   12.0   45.0  9.999E-38  1.673E+16  4.486E+15 1.030E-06  262.2   790  1.114E+11  1.999E+14  9.999E-38  9.999E-38   68.2   69.2    2.5    3.0    0.0    0.0    2.0    2.9    1.5
2020  1  1   1 12.00   50.0   13.0   45.0  9.999E-38  1.675E+16  4.492E+15 1.031E-06  262.1   789  1.116E+11  2.002E+14  9.999E-38  9.999E-38   68.2   69.2    2.5    3.0    0.0    0.0    2.0    2.9    1.5
2020  1  1   1 12.00   50.0   14.0   45.0  9.999E-38  1.678E+16  4.499E+15 1.033E-06  261.9   787  1.117E+11  2.005E+14  9.999E-38  9.999E-38   68.2   69.2    2.5    3.0    0.0    0.0    2.0    2.9    1.5
2020  1  1   1 12.00   50.0   15.0   45.0  9.999E-38  1.680E+16  4.504E+15 1.034E-06  261.7   785  1.119E+11  2.007E+14  9.999E-38  9.999E-38   68.2   69.2    2.5    3.0    0.0    0.0    2.0    2.9    1.5
2020  1  1   1 12.00   50.0   16.0   45.0  9.999E-38  1.681E+16  4.509E+15 1.035E-06  261.6   783  1.120E+11  2.010E+14  9.999E-38  9.999E-38   68.2   69.2    2.5    3.0    0.0    0.0    2.0    2.9    1.5
2020  1  1   1 12.00   50.0   17.0   45.0  9.999E-38  1.683E+16  4.513E+15 1.036E-06  261.4   781  1.121E+11  2.011E+14  9.999E-38  9.999E-38   68.2   69.2    2.5    3.0    0.0    0.0    2.0    2.9    1.5
2020  1  1   1 12.00   50.0   18.0   45.0  9.999E-38  1.684E+16  4.515E+15 1.037E-06  261.2   779  1.121E+11  2.012E+14  9.999E-38  9.999E-38   68.2   69.2    2.5    3.0    0.0    0.0    2.0    2.9    1.5
2020  1  1   1 12.00   50.0   19.0   45.0  9.999E-38  1.684E+16  4.517E+15 1.037E-06  261.1   777  1.122E+11  2.013E+14  9.999E-38  9.999E-38   68.2   69.2    2.5    3.0    0.0    0.0    2.0    2.9    1.5
2020  1  1   1 12.00   50.0   20.0   45.0  9.999E-38  1.685E+16  4.517E+15 1.037E-06  260.9   774  1.122E+11  2.013E+14  9.999E-38  9.999E-38   68.2   69.2    2.5    3.0    0.0    0.0    2.0    2.9    1.5
2020  1  1   1 12.00   50.0   21.0   45.0  9.999E-38  1.684E+16  4.517E+15 1.037E-06  260.7   772  1.122E+11  2.013E+14  9.999E-38  9.999E-38   68.2   69.2    2.5    3.0    0.0    0.0    2.0    2.9    1.5
2020  1  1   1 12.00   50.0   22.0   45.0  9.999E-38  1.683E+16  4.514E+15 1.036E-06  260.6   769  1.121E+11  2.012E+14  9.999E-38  9.999E-38   68.2   69.2    2.5    3.0    0.0    0.0    2.0    2.9    1.5
2020  1  1   1 12.00   50.0   23.0   45.0  9.999E-38  1.682E+16  4.510E+15 1.035E-06  260.4   767  1.120E+11  2.010E+14  9.999E-38  9.999E-38   68.2   69.2    2.5    3.0    0.0    0.0    2.0    2.9    1.5
2020  1  1   1 12.00   50.0   24.0   45.0  9.999E-38  1.680E+16  4.505E+15 1.034E-06  260.3   764  1.119E+11  2.008E+14  9.999E-38  9.999E-38   68.2   69.2    2.5    3.0    0.0    0.0    2.0    2.9    1.5
2020  1  1   1 12.00   50.0   25.0   45.0  9.999E-38  1.677E+16  4.497E+15 1.032E-06  260.1   761  1.117E+11  2.004E+14  9.999E-38  9.999E-38   68.2   69.2    2.5    3.0    0.0    0.0    2.0    2.9    1.5
2020  1  1   1 12.00   50.0   26.0   45.0  9.999E-38  1.674E+16  4.488E+15 1.030E-06  260.0   758  1.115E+11  2.000E+14  9.999E-38  9.999E-38   68.2   69.2    2.5    3.0    0.0    0.0    2.0    2.9    1.5
2020  1  1   1 12.00   50.0   27.0   45.0  9.999E-38  1.670E+16  4.477E+15 1.028E-06  259.9   755  1.112E+11  1.995E+14  9.999E-38  9.999E-38   68.2   69.2    2.5    3.0    0.0    0.0    2.0    2.9    1.5
2020  1  1   1 12.00   50.0   28.0   45.0  9.999E-38  1.665E+16  4.465E+15 1.025E-06  259.8   751  1.109E+11  1.990E+14  9.999E-38  9.999E-38   68.2   69.2    2.5    3.0    0.0    0.0    2.0    2.9    1.5
2020  1  1   1 12.00   50.0   29.0   45.0  9.999E-38  1.659E+16  4.450E+15 1.022E-06  259.7   748  1.105E+11  1.983E+14  9.999E-38  9.999E-38   68.2   69.2    2.5    3.0    0.0    0.0    2.0    2.9    1.5
2020  1  1   1 12.00   50.0   30.0   45.0  9.999E-38  1.653E+16  4.433E+15 1.018E-06  259.6   745  1.101E+11  1.976E+14  9.999E-38  9.999E-38   68.2   69.2    2.5    3.0    0.0    0.0    2.0    2.9    1.5
2020  1  1   1 12.00   50.0   31.0   45.0  9.999E-38  1.646E+16  4.414E+15 1.013E-06  259.5   741  1.096E+11  1.967E+14  9.999E-38  9.999E-38   68.2   69.2    2.5    3.0    0.0    0.0    2.0    2.9    1.5
2020  1  1   1 12.00   50.0   32.0   45.0  9.999E-38  1.638E+16  4.393E+15 1.009E-06  259.4   738  1.091E+11  1.958E+14  9.999E-38  9.999E-38   68.2   69.2    2.5    3.0    0.0    0.0    2.0    2.9    1.5
2020  1  1   1 12.00   50.0   33.0   45.0  9.999E-38  1.630E+16  4.370E+15 1.003E-06  259.4   735  1.085E+11  1.948E+14  9.999E-38  9.999E-38   68.2   69.2    2.5    3.0    0.0    0.0    2.0    2.9    1.5
2020  1  1   1 12.00   50.0   34.0   45.0  9.999E-38  1.620E+16  4.345E+15 9.975E-07  259.4   731  1.079E+11  1.936E+14  9.999E-38  9.999E-38   68.2   69.2    2.5    3.0    0.0    0.0    2.0    2.9    1.5
2020  1  1   1 12.00   50.0   35.0   45.0  9.999E-38  1.610E+16  4.318E+15 9.912E-07  259.3   728  1.072E+11  1.924E+14  9.999E-38  9.999E-38   68.2   69.2    2.5    3.0    0.0    0.0    2.0    2.9    1.5
2020  1  1   1 12.00   50.0   36.0   45.0  9.999E-38  1.599E+16  4.289E+15 9.845E-07  259.3   724  1.065E+11  1.911E+14  9.999E-38  9.999E-38   68.2   69.2    2.5    3.0    0.0    0.0    2.0    2.9    1.5
2020  1  1   1 12.00   50.0   37.0   45.0  9.999E-38  1.588E+16  4.257E+15 9.773E-07  259.4   720  1.057E+11  1.897E+14  9.999E-38  9.999E-38   68.2   69.2    2.5    3.0    0.0    0.0    2.0    2.9    1.5
2020  1  1   1 12.00   50.0   38.0   45.0  9.999E-38  1.575E+16  4.224E+15 9.697E-07  259.4   717  1.049E+11  1.883E+14  9.999E-38  9.999E-38   68.2   69.2    2.5    3.0    0.0    0.0    2.0    2.9    1.5
2020  1  1   1 12.00   50.0   39.0   45.0  9.999E-38  1.562E+16  4.189E+15 9.616E-07  259.4   713  1.040E+11  1.867E+14  9.999E-38  9.999E-38   68.2   69.2    2.5    3.0    0.0    0.0    2.0    2.9    1.5
2020  1  1   1 12.00   50.0   40.0   45.0  9.999E-38  1.548E+16  4.152E+15 9.530E-07  259.5   710  1.031E+11  1.850E+14  9.999E-38  9.999E-38   68.2   69.2    2.5    3.0    0.0    0.0    2.0    2.9    1.5
2020  1  1   1 12.00   50.0   41.0   45.0  9.999E-38  1.534E+16  4.113E+15 9.441E-07  259.5   707  1.021E+11  1.833E+14  9.999E-38  9.999E-38   68.2   69.2    2.5    3.0    0.0    0.0    2.0    2.9    1.5
2020  1  1   1 12.00   50.0   42.0   45.0  9.999E-38  1.519E+16  4.072E+15 9.348E-07  259.6   703  1.011E+11  1.815E+14  9.999E-38  9.999E-38   68.2   69.2    2.5    3.0    0.0    0.0    2.0    2.9    1.5
2020  1  1   1 12.00   50.0   43.0   45.0  9.999E-38  1.503E+16  4.030E+15 9.251E-07  259.7   700  1.001E+11  1.796E+14  9.999E-38  9.999E-38   68.2   69.2    2.5    3.0    0.0    0.0    2.0    2.9    1.5
2020  1  1   1 12.00   50.0   44.0   45.0  9.999E-38  1.487E+16  3.986E+15 9.151E-07  259.8   697  9.900E+10  1.777E+14  9.999E-38  9.999E-38   68.2   69.2    2.5    3.0    0.0    0.0    2.0    2.9    1.5
2020  1  1   1 12.00   50.0   45.0   45.0  9.999E-38  1.470E+16  3.941E+15 9.048E-07  259.9   693  9.788E+10  1.757E+14  9.999E-38  9.999E-38   68.2   69.2    2.5    3.0    0.0    0.0    2.0    2.9    1.5
2020  1  1   1 12.00   50.0   46.0   45.0  9.999E-38  1.453E+16  3.895E+15 8.942E-07  260.0   690  9.673E+10  1.736E+14  9.999E-38  9.999E-38   68.2   69.2    2.5    3.0    0.0    0.0    2.0    2.9    1.5
2020  1  1   1 12.00   50.0   47.0   45.0  9.999E-38  1.435E+16  3.848E+15 8.833E-07  260.1   687  9.556E+10  1.715E+14  9.999E-38  9.999E-38   68.2   69.2    2.5    3.0    0.0    0.0    2.0    2.9    1.5
2020  1  1   1 12.00   50.0   48.0   45.0  9.999E-38  1.417E+16  3.800E+15 8.723E-07  260.2   684  9.436E+10  1.693E+14  9.999E-38  9.999E-38   68.2   69.2    2.5    3.0    0.0    0.0    2.0    2.9    1.5
2020  1  1   1 12.00   50.0   49.0   45.0  9.999E-38  1.399E+16  3.751E+15 8.610E-07  260.3   681  9.315E+10  1.672E+14  9.999E-38  9.999E-38   68.2   69.2    2.5    3.0    0.0    0.0    2.0    2.9    1.5
2020  1  1   1 12.00   50.0   50.0   45.0  9.999E-38  1.380E+16  3.701E+15 8.497E-07  260.4   678  9.192E+10  1.650E+14  9.999E-38  9.999E-38   68.2   69.2    2.5    3.0    0.0    0.0    2.0    2.9    1.5
2020  1  1   1 12.00   50.0   51.0   45.0  9.999E-38  1.362E+16  3.651E+15 8.382E-07  260.5   675  9.067E+10  1.627E+14  9.999E-38  9.999E-38   68.2   69.2    2.5    3.0    0.0    0.0    2.0    2.9    1.5
2020  1  1   1 12.00   50.0   52.0   45.0  9.999E-38  1.343E+16  3.601E+15 8.266E-07  260.6   672  8.942E+10  1.605E+14  9.999E-38  9.999E-38   68.2   69.2    2.5    3.0    0.0    0.0    2.0    2.9    1.5
2020  1  1   1 12.00   50.0   53.0   45.0  9.999E-38  1.324E+16  3.550E+15 8.150E-07  260.7   670  8.817E+10  1.582E+14  9.999E-38  9.999E-38   68.2   69.2    2.5    3.0    0.0    0.0    2.0    2.9    1.5
2020  1  1   1 12.00   50.0   54.0   45.0  9.999E-38  1.305E+16  3.500E+15 8.034E-07  260.8   667  8.691E+10  1.560E+14  9.999E-38  9.999E-38   68.2   69.2    2.5    3.0    0.0    0.0    2.0    2.9    1.5
2020  1  1   1 12.00   50.0   55.0   45.0  9.999E-38  1.286E+16  3.450E+15 7.919E-07  260.9   664  8.567E+10  1.537E+14  9.999E-38  9.999E-38   68.2   69.2    2.5    3.0    0.0    0.0    2.0    2.9    1.5
2020  1  1   1 12.00   50.0   56.0   45.0  9.999E-38  1.268E+16  3.400E+15 7.804E-07  261.0   662  8.442E+10  1.515E+14  9.999E-38  9.999E-38   68.2   69.2    2.5    3.0    0.0    0.0    2.0    2.9    1.5
2020  1  1   1 12.00   50.0   57.0   45.0  9.999E-38  1.249E+16  3.350E+15 7.690E-07  261.1   659  8.320E+10  1.493E+14  9.999E-38  9.999E-38   68.2   69.2    2.5    3.0    0.0    0.0    2.0    2.9    1.5
2020  1  1   1 12.00   50.0   58.0   45.0  9.999E-38  1.231E+16  3.301E+15 7.578E-07  261.1   657  8.198E+10  1.471E+14  9.999E-38  9.999E-38   68.2   69.2    2.5    3.0    0.0    0.0    2.0    2.9    1.5
2020  1  1   1 12.00   50.0   59.0   45.0  9.999E-38  1.213E+16  3.253E+15 7.468E-07  261.1   655  8.079E+10  1.450E+14  9.999E-38  9.999E-38   68.2   69.2    2.5    3.0    0.0    0.0    2.0    2.9    1.5
