Year Mon Day DOY hour Heit(km) Lat  Lon Oden(cm-3) N2den(cm-3) O2den(cm-3) air(gm/cm3) T(K) exoT(K) Heden(cm-3)Arden(cm-3) Hden(cm-3) Nden(cm-3) F107 F107a apdaily  ap0-3 ap3-6 ap6-9 ap9-12 ap12-33 ap33-59
2020  1  1   1 12.00   50.0   55.0    0.0  9.999E-38  1.220E+16  3.270E+15 7.508E-07  260.0   676  8.122E+10  1.458E+14  9.999E-38  9.999E-38   68.2   69.2    2.5    3.0    3.0    0.0    0.0    2.8    1.9
2020  1  1   1 12.00   50.0   55.0    1.0  9.999E-38  1.220E+16  3.272E+15 7.512E-07  260.0   675  8.127E+10  1.458E+14  9.999E-38  9.999E-38   68.2   69.2    2.5    3.0    0.0    0.0    2.0    2.9    1.5
2020  1  1   1 12.00   50.0   55.0    2.0  9.999E-38  1.221E+16  3.275E+15 7.517E-07  260.1   675  8.132E+10  1.459E+14  9.999E-38  9.999E-38   68.2   69.2    2.5    3.0    0.0    0.0    2.0    2.9    1.5
2020  1  1   1 12.00   50.0   55.0    3.0  9.999E-38  1.222E+16  3.277E+15 7.522E-07  260.1   675  8.137E+10  1.460E+14  9.999E-38  9.999E-38   68.2   69.2    2.5    3.0    0.0    0.0    2.0    2.9    1.5
2020  1  1   1 12.00   50.0   55.0    4.0  9.999E-38  1.223E+16  3.279E+15 7.527E-07  260.2   675  8.143E+10  1.461E+14  9.999E-38  9.999E-38   68.2   69.2    2.5    3.0    0.0    0.0    2.0    2.9    1.5
2020  1  1   1 12.00   50.0   55.0    5.0  9.999E-38  1.224E+16  3.281E+15 7.533E-07  260.3   674  8.149E+10  1.462E+14  9.999E-38  9.999E-38   68.2   69.2    2.5    3.0    0.0    0.0    2.0    2.9    1.5
2020  1  1   1 12.00   50.0   55.0    6.0  9.999E-38  1.225E+16  3.284E+15 7.539E-07  260.3   674  8.155E+10  1.464E+14  9.999E-38  9.999E-38   68.2   69.2    2.5    3.0    0.0    0.0    2.0    2.9    1.5
2020  1  1   1 12.00   50.0   55.0    7.0  9.999E-38  1.226E+16  3.286E+15 7.544E-07  260.4   674  8.162E+10  1.465E+14  9.999E-38  9.999E-38   68.2   69.2    2.5    3.0    0.0    0.0    2.0    2.9    1.5
2020  1  1   1 12.00   50.0   55.0    8.0  9.999E-38  1.227E+16  3.289E+15 7.551E-07  260.4   674  8.168E+10  1.466E+14  9.999E-38  9.999E-38   68.2   69.2    2.5    3.0    0.0    0.0    2.0    2.9    1.5
2020  1  1   1 12.00   50.0   55.0    9.0  9.999E-38  1.228E+16  3.292E+15 7.557E-07  260.5   673  8.175E+10  1.467E+14  9.999E-38  9.999E-38   68.2   69.2    2.5    3.0    0.0    0.0    2.0    2.9    1.5
2020  1  1   1 12.00   50.0   55.0   10.0  9.999E-38  1.229E+16  3.295E+15 7.564E-07  260.5   673  8.182E+10  1.468E+14  9.999E-38  9.999E-38   68.2   69.2    2.5    3.0    0.0    0.0    2.0    2.9    1.5
2020  1  1   1 12.00   50.0   55.0   11.0  9.999E-38  1.230E+16  3.298E+15 7.570E-07  260.6   673  8.190E+10  1.470E+14  9.999E-38  9.999E-38   68.2   69.2    2.5    3.0    0.0    0.0    2.0    2.9    1.5
2020  1  1   1 12.00   50.0   55.0   12.0  9.999E-38  1.231E+16  3.301E+15 7.577E-07  260.6   673  8.197E+10  1.471E+14  9.999E-38  9.999E-38   68.2   69.2    2.5    3.0    0.0    0.0    2.0    2.9    1.5
2020  1  1   1 12.00   50.0   55.0   13.0  9.999E-38  1.232E+16  3.304E+15 7.585E-07  260.7   672  8.205E+10  1.473E+14  9.999E-38  9.999E-38   68.2   69.2    2.5    3.0    0.0    0.0    2.0    2.9    1.5
2020  1  1   1 12.00   50.0   55.0   14.0  9.999E-38  1.233E+16  3.307E+15 7.592E-07  260.7   672  8.213E+10  1.474E+14  9.999E-38  9.999E-38   68.2   69.2    2.5    3.0    0.0    0.0    2.0    2.9    1.5
2020  1  1   1 12.00   50.0   55.0   15.0  9.999E-38  1.235E+16  3.311E+15 7.600E-07  260.7   672  8.221E+10  1.475E+14  9.999E-38  9.999E-38   68.2   69.2    2.5    3.0    0.0    0.0    2.0    2.9    1.5
2020  1  1   1 12.00   50.0   55.0   16.0  9.999E-38  1.236E+16  3.314E+15 7.608E-07  260.8   672  8.230E+10  1.477E+14  9.999E-38  9.999E-38   68.2   69.2    2.5    3.0    0.0    0.0    2.0    2.9    1.5
2020  1  1   1 12.00   50.0   55.0   17.0  9.999E-38  1.237E+16  3.318E+15 7.616E-07  260.8   671  8.239E+10  1.479E+14  9.999E-38  9.999E-38   68.2   69.2    2.5    3.0    0.0    0.0    2.0    2.9    1.5
2020  1  1   1 12.00   50.0   55.0   18.0  9.999E-38  1.239E+16  3.321E+15 7.624E-07  260.9   671  8.248E+10  1.480E+14  9.999E-38  9.999E-38   68.2   69.2    2.5    3.0    0.0    0.0    2.0    2.9    1.5
2020  1  1   1 12.00   50.0   55.0   19.0  9.999E-38  1.240E+16  3.325E+15 7.633E-07  260.9   671  8.257E+10  1.482E+14  9.999E-38  9.999E-38   68.2   69.2    2.5    3.0    0.0    0.0    2.0    2.9    1.5
2020  1  1   1 12.00   50.0   55.0   20.0  9.999E-38  1.241E+16  3.329E+15 7.641E-07  260.9   671  8.266E+10  1.483E+14  9.999E-38  9.999E-38   68.2   69.2    2.5    3.0    0.0    0.0    2.0    2.9    1.5
2020  1  1   1 12.00   50.0   55.0   21.0  9.999E-38  1.243E+16  3.333E+15 7.650E-07  260.9   670  8.276E+10  1.485E+14  9.999E-38  9.999E-38   68.2   69.2    2.5    3.0    0.0    0.0    2.0    2.9    1.5
2020  1  1   1 12.00   50.0   55.0   22.0  9.999E-38  1.244E+16  3.336E+15 7.659E-07  261.0   670  8.286E+10  1.487E+14  9.999E-38  9.999E-38   68.2   69.2    2.5    3.0    0.0    0.0    2.0    2.9    1.5
2020  1  1   1 12.00   50.0   55.0   23.0  9.999E-38  1.246E+16  3.341E+15 7.669E-07  261.0   670  8.296E+10  1.489E+14  9.999E-38  9.999E-38   68.2   69.2    2.5    3.0    0.0    0.0    2.0    2.9    1.5
2020  1  1   1 12.00   50.0   55.0   24.0  9.999E-38  1.247E+16  3.345E+15 7.678E-07  261.0   670  8.306E+10  1.491E+14  9.999E-38  9.999E-38   68.2   69.2    2.5    3.0    0.0    0.0    2.0    2.9    1.5
2020  1  1   1 12.00   50.0   55.0   25.0  9.999E-38  1.249E+16  3.349E+15 7.688E-07  261.0   669  8.317E+10  1.493E+14  9.999E-38  9.999E-38   68.2   69.2    2.5    3.0    0.0    0.0    2.0    2.9    1.5
2020  1  1   1 12.00   50.0   55.0   26.0  9.999E-38  1.250E+16  3.353E+15 7.698E-07  261.0   669  8.327E+10  1.494E+14  9.999E-38  9.999E-38   68.2   69.2    2.5    3.0    0.0    0.0    2.0    2.9    1.5
2020  1  1   1 12.00   50.0   55.0   27.0  9.999E-38  1.252E+16  3.358E+15 7.708E-07  261.1   669  8.338E+10  1.496E+14  9.999E-38  9.999E-38   68.2   69.2    2.5    3.0    0.0    0.0    2.0    2.9    1.5
2020  1  1   1 12.00   50.0   55.0   28.0  9.999E-38  1.254E+16  3.362E+15 7.718E-07  261.1   669  8.349E+10  1.498E+14  9.999E-38  9.999E-38   68.2   69.2    2.5    3.0    0.0    0.0    2.0    2.9    1.5
2020  1  1   1 12.00   50.0   55.0   29.0  9.999E-38  1.255E+16  3.367E+15 7.729E-07  261.1   668  8.361E+10  1.500E+14  9.999E-38  9.999E-38   68.2   69.2    2.5    3.0    0.0    0.0    2.0    2.9    1.5
2020  1  1   1 12.00   50.0   55.0   30.0  9.999E-38  1.257E+16  3.371E+15 7.739E-07  261.1   668  8.372E+10  1.503E+14  9.999E-38  9.999E-38   68.2   69.2    2.5    3.0    0.0    0.0    2.0    2.9    1.5
2020  1  1   1 12.00   50.0   55.0   31.0  9.999E-38  1.259E+16  3.376E+15 7.750E-07  261.1   668  8.384E+10  1.505E+14  9.999E-38  9.999E-38   68.2   69.2    2.5    3.0    0.0    0.0    2.0    2.9    1.5
2020  1  1   1 12.00   50.0   55.0   32.0  9.999E-38  1.261E+16  3.381E+15 7.761E-07  261.1   668  8.396E+10  1.507E+14  9.999E-38  9.999E-38   68.2   69.2    2.5    3.0    0.0    0.0    2.0    2.9    1.5
2020  1  1   1 12.00   50.0   55.0   33.0  9.999E-38  1.263E+16  3.386E+15 7.772E-07  261.1   667  8.408E+10  1.509E+14  9.999E-38  9.999E-38   68.2   69.2    2.5    3.0    0.0    0.0    2.0    2.9    1.5
2020  1  1   1 12.00   50.0   55.0   34.0  9.999E-38  1.264E+16  3.391E+15 7.784E-07  261.1   667  8.420E+10  1.511E+14  9.999E-38  9.999E-38   68.2   69.2    2.5    3.0    0.0    0.0    2.0    2.9    1.5
2020  1  1   1 12.00   50.0   55.0   35.0  9.999E-38  1.266E+16  3.396E+15 7.795E-07  261.1   667  8.433E+10  1.513E+14  9.999E-38  9.999E-38   68.2   69.2    2.5    3.0    0.0    0.0    2.0    2.9    1.5
2020  1  1   1 12.00   50.0   55.0   36.0  9.999E-38  1.268E+16  3.401E+15 7.807E-07  261.1   667  8.445E+10  1.516E+14  9.999E-38  9.999E-38   68.2   69.2    2.5    3.0    0.0    0.0    2.0    2.9    1.5
2020  1  1   1 12.00   50.0   55.0   37.0  9.999E-38  1.270E+16  3.406E+15 7.819E-07  261.1   666  8.458E+10  1.518E+14  9.999E-38  9.999E-38   68.2   69.2    2.5    3.0    0.0    0.0    2.0    2.9    1.5
2020  1  1   1 12.00   50.0   55.0   38.0  9.999E-38  1.272E+16  3.411E+15 7.831E-07  261.1   666  8.471E+10  1.520E+14  9.999E-38  9.999E-38   68.2   69.2    2.5    3.0    0.0    0.0    2.0    2.9    1.5
2020  1  1   1 12.00   50.0   55.0   39.0  9.999E-38  1.274E+16  3.416E+15 7.843E-07  261.0   666  8.484E+10  1.523E+14  9.999E-38  9.999E-38   68.2   69.2    2.5    3.0    0.0    0.0    2.0    2.9    1.5
2020  1  1   1 12.00   50.0   55.0   40.0  9.999E-38  1.276E+16  3.422E+15 7.855E-07  261.0   666  8.498E+10  1.525E+14  9.999E-38  9.999E-38   68.2   69.2    2.5    3.0    0.0    0.0    2.0    2.9    1.5
2020  1  1   1 12.00   50.0   55.0   41.0  9.999E-38  1.278E+16  3.427E+15 7.867E-07  261.0   665  8.511E+10  1.527E+14  9.999E-38  9.999E-38   68.2   69.2    2.5    3.0    0.0    0.0    2.0    2.9    1.5
2020  1  1   1 12.00   50.0   55.0   42.0  9.999E-38  1.280E+16  3.433E+15 7.880E-07  261.0   665  8.525E+10  1.530E+14  9.999E-38  9.999E-38   68.2   69.2    2.5    3.0    0.0    0.0    2.0    2.9    1.5
2020  1  1   1 12.00   50.0   55.0   43.0  9.999E-38  1.282E+16  3.438E+15 7.893E-07  261.0   665  8.538E+10  1.532E+14  9.999E-38  9.999E-38   68.2   69.2    2.5    3.0    0.0    0.0    2.0    2.9    1.5
2020  1  1   1 12.00   50.0   55.0   44.0  9.999E-38  1.284E+16  3.444E+15 7.906E-07  261.0   665  8.552E+10  1.535E+14  9.999E-38  9.999E-38   68.2   69.2    2.5    3.0    0.0    0.0    2.0    2.9    1.5
2020  1  1   1 12.00   50.0   55.0   45.0  9.999E-38  1.286E+16  3.450E+15 7.919E-07  260.9   664  8.567E+10  1.537E+14  9.999E-38  9.999E-38   68.2   69.2    2.5    3.0    0.0    0.0    2.0    2.9    1.5
2020  1  1   1 12.00   50.0   55.0   46.0  9.999E-38  1.289E+16  3.455E+15 7.932E-07  260.9   664  8.581E+10  1.540E+14  9.999E-38  9.999E-38   68.2   69.2    2.5    0.0    0.0    2.0    3.0    2.9    1.5
2020  1  1   1 12.00   50.0   55.0   47.0  9.999E-38  1.291E+16  3.461E+15 7.945E-07  260.9   664  8.595E+10  1.542E+14  9.999E-38  9.999E-38   68.2   69.2    2.5    0.0    0.0    2.0    3.0    2.9    1.5
2020  1  1   1 12.00   50.0   55.0   48.0  9.999E-38  1.293E+16  3.467E+15 7.959E-07  260.8   664  8.610E+10  1.545E+14  9.999E-38  9.999E-38   68.2   69.2    2.5    0.0    0.0    2.0    3.0    2.9    1.5
2020  1  1   1 12.00   50.0   55.0   49.0  9.999E-38  1.295E+16  3.473E+15 7.972E-07  260.8   663  8.624E+10  1.548E+14  9.999E-38  9.999E-38   68.2   69.2    2.5    0.0    0.0    2.0    3.0    2.9    1.5
2020  1  1   1 12.00   50.0   55.0   50.0  9.999E-38  1.297E+16  3.479E+15 7.986E-07  260.8   663  8.639E+10  1.550E+14  9.999E-38  9.999E-38   68.2   69.2    2.5    0.0    0.0    2.0    3.0    2.9    1.5
2020  1  1   1 12.00   50.0   55.0   51.0  9.999E-38  1.300E+16  3.485E+15 8.000E-07  260.7   663  8.654E+10  1.553E+14  9.999E-38  9.999E-38   68.2   69.2    2.5    0.0    0.0    2.0    3.0    2.9    1.5
2020  1  1   1 12.00   50.0   55.0   52.0  9.999E-38  1.302E+16  3.491E+15 8.014E-07  260.7   663  8.669E+10  1.556E+14  9.999E-38  9.999E-38   68.2   69.2    2.5    0.0    0.0    2.0    3.0    2.9    1.5
2020  1  1   1 12.00   50.0   55.0   53.0  9.999E-38  1.304E+16  3.497E+15 8.028E-07  260.6   663  8.684E+10  1.558E+14  9.999E-38  9.999E-38   68.2   69.2    2.5    0.0    0.0    2.0    3.0    2.9    1.5
2020  1  1   1 12.00   50.0   55.0   54.0  9.999E-38  1.306E+16  3.503E+15 8.042E-07  260.6   662  8.699E+10  1.561E+14  9.999E-38  9.999E-38   68.2   69.2    2.5    0.0    0.0    2.0    3.0    2.9    1.5
2020  1  1   1 12.00   50.0   55.0   55.0  9.999E-38  1.309E+16  3.509E+15 8.056E-07  260.6   662  8.715E+10  1.564E+14  9.999E-38  9.999E-38   68.2   69.2    2.5    0.0    0.0    2.0    3.0    2.9    1.5
2020  1  1   1 12.00   50.0   55.0   56.0  9.999E-38  1.311E+16  3.515E+15 8.070E-07  260.5   662  8.730E+10  1.567E+14  9.999E-38  9.999E-38   68.2   69.2    2.5    0.0    0.0    2.0    3.0    2.9    1.5
2020  1  1   1 12.00   50.0   55.0   57.0  9.999E-38  1.313E+16  3.522E+15 8.085E-07  260.5   662  8.746E+10  1.570E+14  9.999E-38  9.999E-38   68.2   69.2    2.5    0.0    0.0    2.0    3.0    2.9    1.5
2020  1  1   1 12.00   50.0   55.0   58.0  9.999E-38  1.316E+16  3.528E+15 8.099E-07  260.4   662  8.762E+10  1.572E+14  9.999E-38  9.999E-38   68.2   69.2    2.5    0.0    0.0    2.0    3.0    2.9    1.5
2020  1  1   1 12.00   50.0   55.0   59.0  9.999E-38  1.318E+16  3.534E+15 8.114E-07  260.3   661  8.777E+10  1.575E+14  9.999E-38  9.999E-38   68.2   69.2    2.5    0.0    0.0    2.0    3.0    2.9    1.5
2020  1  1   1 12.00   50.0   55.0   60.0  9.999E-38  1.320E+16  3.541E+15 8.128E-07  260.3   661  8.793E+10  1.578E+14  9.999E-38  9.999E-38   68.2   69.2    2.5    0.0    0.0    2.0    3.0    2.9    1.5
2020  1  1   1 12.00   50.0   55.0   61.0  9.999E-38  1.323E+16  3.547E+15 8.143E-07  260.2   661  8.809E+10  1.581E+14  9.999E-38  9.999E-38   68.2   69.2    2.5    0.0    0.0    2.0    3.0    2.9    1.5
2020  1  1   1 12.00   50.0   55.0   62.0  9.999E-38  1.325E+16  3.554E+15 8.158E-07  260.2   661  8.825E+10  1.584E+14  9.999E-38  9.999E-38   68.2   69.2    2.5    0.0    0.0    2.0    3.0    2.9    1.5
2020  1  1   1 12.00   50.0   55.0   63.0  9.999E-38  1.328E+16  3.560E+15 8.173E-07  260.1   661  8.841E+10  1.587E+14  9.999E-38  9.999E-38   68.2   69.2    2.5    0.0    0.0    2.0    3.0    2.9    1.5
2020  1  1   1 12.00   50.0   55.0   64.0  9.999E-38  1.330E+16  3.567E+15 8.188E-07  260.0   660  8.857E+10  1.590E+14  9.999E-38  9.999E-38   68.2   69.2    2.5    0.0    0.0    2.0    3.0    2.9    1.5
2020  1  1   1 12.00   50.0   55.0   65.0  9.999E-38  1.333E+16  3.573E+15 8.203E-07  260.0   660  8.874E+10  1.592E+14  9.999E-38  9.999E-38   68.2   69.2    2.5    0.0    0.0    2.0    3.0    2.9    1.5
2020  1  1   1 12.00   50.0   55.0   66.0  9.999E-38  1.335E+16  3.580E+15 8.218E-07  259.9   660  8.890E+10  1.595E+14  9.999E-38  9.999E-38   68.2   69.2    2.5    0.0    0.0    2.0    3.0    2.9    1.5
2020  1  1   1 12.00   50.0   55.0   67.0  9.999E-38  1.337E+16  3.586E+15 8.233E-07  259.8   660  8.906E+10  1.598E+14  9.999E-38  9.999E-38   68.2   69.2    2.5    0.0    0.0    2.0    3.0    2.9    1.5
2020  1  1   1 12.00   50.0   55.0   68.0  9.999E-38  1.340E+16  3.593E+15 8.248E-07  259.8   660  8.923E+10  1.601E+14  9.999E-38  9.999E-38   68.2   69.2    2.5    0.0    0.0    2.0    3.0    2.9    1.5
2020  1  1   1 12.00   50.0   55.0   69.0  9.999E-38  1.342E+16  3.600E+15 8.263E-07  259.7   660  8.939E+10  1.604E+14  9.999E-38  9.999E-38   68.2   69.2    2.5    0.0    0.0    2.0    3.0    2.9    1.5
2020  1  1   1 12.00   50.0   55.0   70.0  9.999E-38  1.345E+16  3.606E+15 8.278E-07  259.6   659  8.956E+10  1.607E+14  9.999E-38  9.999E-38   68.2   69.2    2.5    0.0    0.0    2.0    3.0    2.9    1.5
2020  1  1   1 12.00   50.0   55.0   71.0  9.999E-38  1.347E+16  3.613E+15 8.294E-07  259.5   659  8.972E+10  1.610E+14  9.999E-38  9.999E-38   68.2   69.2    2.5    0.0    0.0    2.0    3.0    2.9    1.5
2020  1  1   1 12.00   50.0   55.0   72.0  9.999E-38  1.350E+16  3.620E+15 8.309E-07  259.5   659  8.989E+10  1.613E+14  9.999E-38  9.999E-38   68.2   69.2    2.5    0.0    0.0    2.0    3.0    2.9    1.5
2020  1  1   1 12.00   50.0   55.0   73.0  9.999E-38  1.352E+16  3.626E+15 8.324E-07  259.4   659  9.005E+10  1.616E+14  9.999E-38  9.999E-38   68.2   69.2    2.5    0.0    0.0    2.0    3.0    2.9    1.5
2020  1  1   1 12.00   50.0   55.0   74.0  9.999E-38  1.355E+16  3.633E+15 8.340E-07  259.3   659  9.022E+10  1.619E+14  9.999E-38  9.999E-38   68.2   69.2    2.5    0.0    0.0    2.0    3.0    2.9    1.5
2020  1  1   1 12.00   50.0   55.0   75.0  9.999E-38  1.357E+16  3.640E+15 8.355E-07  259.2   659  9.039E+10  1.622E+14  9.999E-38  9.999E-38   68.2   69.2    2.5    0.0    0.0    2.0    3.0    2.9    1.5
2020  1  1   1 12.00   50.0   55.0   76.0  9.999E-38  1.360E+16  3.646E+15 8.371E-07  259.1   658  9.055E+10  1.625E+14  9.999E-38  9.999E-38   68.2   69.2    2.5    0.0    0.0    2.0    3.0    2.9    1.5
2020  1  1   1 12.00   50.0   55.0   77.0  9.999E-38  1.362E+16  3.653E+15 8.386E-07  259.1   658  9.072E+10  1.628E+14  9.999E-38  9.999E-38   68.2   69.2    2.5    0.0    0.0    2.0    3.0    2.9    1.5
2020  1  1   1 12.00   50.0   55.0   78.0  9.999E-38  1.365E+16  3.660E+15 8.401E-07  259.0   658  9.089E+10  1.631E+14  9.999E-38  9.999E-38   68.2   69.2    2.5    0.0    0.0    2.0    3.0    2.9    1.5
2020  1  1   1 12.00   50.0   55.0   79.0  9.999E-38  1.367E+16  3.666E+15 8.417E-07  258.9   658  9.105E+10  1.634E+14  9.999E-38  9.999E-38   68.2   69.2    2.5    0.0    0.0    2.0    3.0    2.9    1.5
2020  1  1   1 12.00   50.0   55.0   80.0  9.999E-38  1.370E+16  3.673E+15 8.432E-07  258.8   658  9.122E+10  1.637E+14  9.999E-38  9.999E-38   68.2   69.2    2.5    0.0    0.0    2.0    3.0    2.9    1.5
2020  1  1   1 12.00   50.0   55.0   81.0  9.999E-38  1.372E+16  3.680E+15 8.447E-07  258.7   658  9.138E+10  1.640E+14  9.999E-38  9.999E-38   68.2   69.2    2.5    0.0    0.0    2.0    3.0    2.9    1.5
2020  1  1   1 12.00   50.0   55.0   82.0  9.999E-38  1.375E+16  3.686E+15 8.463E-07  258.6   658  9.155E+10  1.643E+14  9.999E-38  9.999E-38   68.2   69.2    2.5    0.0    0.0    2.0    3.0    2.9    1.5
2020  1  1   1 12.00   50.0   55.0   83.0  9.999E-38  1.377E+16  3.693E+15 8.478E-07  258.5   657  9.171E+10  1.646E+14  9.999E-38  9.999E-38   68.2   69.2    2.5    0.0    0.0    2.0    3.0    2.9    1.5
2020  1  1   1 12.00   50.0   55.0   84.0  9.999E-38  1.380E+16  3.700E+15 8.493E-07  258.4   657  9.188E+10  1.649E+14  9.999E-38  9.999E-38   68.2   69.2    2.5    0.0    0.0    2.0    3.0    2.9    1.5
2020  1  1   1 12.00   50.0   55.0   85.0  9.999E-38  1.382E+16  3.706E+15 8.508E-07  258.3   657  9.205E+10  1.652E+14  9.999E-38  9.999E-38   68.2   69.2    2.5    0.0    0.0    2.0    3.0    2.9    1.5
2020  1  1   1 12.00   50.0   55.0   86.0  9.999E-38  1.385E+16  3.713E+15 8.524E-07  258.2   657  9.221E+10  1.655E+14  9.999E-38  9.999E-38   68.2   69.2    2.5    0.0    0.0    2.0    3.0    2.9    1.5
2020  1  1   1 12.00   50.0   55.0   87.0  9.999E-38  1.387E+16  3.720E+15 8.539E-07  258.1   657  9.237E+10  1.658E+14  9.999E-38  9.999E-38   68.2   69.2    2.5    0.0    0.0    2.0    3.0    2.9    1.5
2020  1  1   1 12.00   50.0   55.0   88.0  9.999E-38  1.390E+16  3.726E+15 8.554E-07  258.0   657  9.254E+10  1.661E+14  9.999E-38  9.999E-38   68.2   69.2    2.5    0.0    0.0    2.0    3.0    2.9    1.5
2020  1  1   1 12.00   50.0   55.0   89.0  9.999E-38  1.392E+16  3.733E+15 8.569E-07  257.9   657  9.270E+10  1.664E+14  9.999E-38  9.999E-38   68.2   69.2    2.5    0.0    0.0    2.0    3.0    2.9    1.5
2020  1  1   1 12.00   50.0   55.0   90.0  9.999E-38  1.394E+16  3.739E+15 8.584E-07  257.8   657  9.286E+10  1.667E+14  9.999E-38  9.999E-38   68.2   69.2    2.5    0.0    0.0    2.0    3.0    2.9    1.5
2020  1  1   1 12.00   50.0   55.0   91.0  9.999E-38  1.397E+16  3.746E+15 8.599E-07  257.7   657  9.302E+10  1.669E+14  9.999E-38  9.999E-38   68.2   69.2    2.5    0.0    2.0    3.0    5.0    2.5    1.2
2020  1  1   1 12.00   50.0   55.0   92.0  9.999E-38  1.399E+16  3.752E+15 8.614E-07  257.6   657  9.318E+10  1.672E+14  9.999E-38  9.999E-38   68.2   69.2    2.5    0.0    2.0    3.0    5.0    2.5    1.2
2020  1  1   1 12.00   50.0   55.0   93.0  9.999E-38  1.402E+16  3.759E+15 8.629E-07  257.5   657  9.334E+10  1.675E+14  9.999E-38  9.999E-38   68.2   69.2    2.5    0.0    2.0    3.0    5.0    2.5    1.2
2020  1  1   1 12.00   50.0   55.0   94.0  9.999E-38  1.404E+16  3.765E+15 8.643E-07  257.4   656  9.350E+10  1.678E+14  9.999E-38  9.999E-38   68.2   69.2    2.5    0.0    2.0    3.0    5.0    2.5    1.2
2020  1  1   1 12.00   50.0   55.0   95.0  9.999E-38  1.406E+16  3.771E+15 8.658E-07  257.3   656  9.366E+10  1.681E+14  9.999E-38  9.999E-38   68.2   69.2    2.5    0.0    2.0    3.0    5.0    2.5    1.2
2020  1  1   1 12.00   50.0   55.0   96.0  9.999E-38  1.409E+16  3.778E+15 8.672E-07  257.2   656  9.382E+10  1.684E+14  9.999E-38  9.999E-38   68.2   69.2    2.5    0.0    2.0    3.0    5.0    2.5    1.2
2020  1  1   1 12.00   50.0   55.0   97.0  9.999E-38  1.411E+16  3.784E+15 8.687E-07  257.1   656  9.398E+10  1.686E+14  9.999E-38  9.999E-38   68.2   69.2    2.5    0.0    2.0    3.0    5.0    2.5    1.2
2020  1  1   1 12.00   50.0   55.0   98.0  9.999E-38  1.413E+16  3.790E+15 8.701E-07  257.0   656  9.413E+10  1.689E+14  9.999E-38  9.999E-38   68.2   69.2    2.5    0.0    2.0    3.0    5.0    2.5    1.2
2020  1  1   1 12.00   50.0   55.0   99.0  9.999E-38  1.416E+16  3.797E+15 8.715E-07  256.9   656  9.428E+10  1.692E+14  9.999E-38  9.999E-38   68.2   69.2    2.5    0.0    2.0    3.0    5.0    2.5    1.2
2020  1  1   1 12.00   50.0   55.0  100.0  9.999E-38  1.418E+16  3.803E+15 8.730E-07  256.7   656  9.444E+10  1.695E+14  9.999E-38  9.999E-38   68.2   69.2    2.5    0.0    2.0    3.0    5.0    2.5    1.2
2020  1  1   1 12.00   50.0   55.0  101.0  9.999E-38  1.420E+16  3.809E+15 8.744E-07  256.6   656  9.459E+10  1.698E+14  9.999E-38  9.999E-38   68.2   69.2    2.5    0.0    2.0    3.0    5.0    2.5    1.2
2020  1  1   1 12.00   50.0   55.0  102.0  9.999E-38  1.423E+16  3.815E+15 8.758E-07  256.5   656  9.474E+10  1.700E+14  9.999E-38  9.999E-38   68.2   69.2    2.5    0.0    2.0    3.0    5.0    2.5    1.2
2020  1  1   1 12.00   50.0   55.0  103.0  9.999E-38  1.425E+16  3.821E+15 8.771E-07  256.4   656  9.489E+10  1.703E+14  9.999E-38  9.999E-38   68.2   69.2    2.5    0.0    2.0    3.0    5.0    2.5    1.2
2020  1  1   1 12.00   50.0   55.0  104.0  9.999E-38  1.427E+16  3.827E+15 8.785E-07  256.3   656  9.504E+10  1.706E+14  9.999E-38  9.999E-38   68.2   69.2    2.5    0.0    2.0    3.0    5.0    2.5    1.2
2020  1  1   1 12.00   50.0   55.0  105.0  9.999E-38  1.429E+16  3.833E+15 8.798E-07  256.2   656  9.518E+10  1.708E+14  9.999E-38  9.999E-38   68.2   69.2    2.5    0.0    2.0    3.0    5.0    2.5    1.2
2020  1  1   1 12.00   50.0   55.0  106.0  9.999E-38  1.431E+16  3.839E+15 8.812E-07  256.1   656  9.533E+10  1.711E+14  9.999E-38  9.999E-38   68.2   69.2    2.5    0.0    2.0    3.0    5.0    2.5    1.2
2020  1  1   1 12.00   50.0   55.0  107.0  9.999E-38  1.434E+16  3.844E+15 8.825E-07  255.9   656  9.547E+10  1.713E+14  9.999E-38  9.999E-38   68.2   69.2    2.5    0.0    2.0    3.0    5.0    2.5    1.2
2020  1  1   1 12.00   50.0   55.0  108.0  9.999E-38  1.436E+16  3.850E+15 8.838E-07  255.8   656  9.561E+10  1.716E+14  9.999E-38  9.999E-38   68.2   69.2    2.5    0.0    2.0    3.0    5.0    2.5    1.2
2020  1  1   1 12.00   50.0   55.0  109.0  9.999E-38  1.438E+16  3.856E+15 8.851E-07  255.7   656  9.575E+10  1.718E+14  9.999E-38  9.999E-38   68.2   69.2    2.5    0.0    2.0    3.0    5.0    2.5    1.2
2020  1  1   1 12.00   50.0   55.0  110.0  9.999E-38  1.440E+16  3.861E+15 8.864E-07  255.6   656  9.589E+10  1.721E+14  9.999E-38  9.999E-38   68.2   69.2    2.5    0.0    2.0    3.0    5.0    2.5    1.2
2020  1  1   1 12.00   50.0   55.0  111.0  9.999E-38  1.442E+16  3.867E+15 8.876E-07  255.5   656  9.602E+10  1.723E+14  9.999E-38  9.999E-38   68.2   69.2    2.5    0.0    2.0    3.0    5.0    2.5    1.2
2020  1  1   1 12.00   50.0   55.0  112.0  9.999E-38  1.444E+16  3.872E+15 8.889E-07  255.4   656  9.616E+10  1.726E+14  9.999E-38  9.999E-38   68.2   69.2    2.5    0.0    2.0    3.0    5.0    2.5    1.2
2020  1  1   1 12.00   50.0   55.0  113.0  9.999E-38  1.446E+16  3.877E+15 8.901E-07  255.2   656  9.629E+10  1.728E+14  9.999E-38  9.999E-38   68.2   69.2    2.5    0.0    2.0    3.0    5.0    2.5    1.2
2020  1  1   1 12.00   50.0   55.0  114.0  9.999E-38  1.448E+16  3.883E+15 8.913E-07  255.1   656  9.642E+10  1.730E+14  9.999E-38  9.999E-38   68.2   69.2    2.5    0.0    2.0    3.0    5.0    2.5    1.2
2020  1  1   1 12.00   50.0   55.0  115.0  9.999E-38  1.450E+16  3.888E+15 8.925E-07  255.0   656  9.655E+10  1.733E+14  9.999E-38  9.999E-38   68.2   69.2    2.5    0.0    2.0    3.0    5.0    2.5    1.2
2020  1  1   1 12.00   50.0   55.0  116.0  9.999E-38  1.452E+16  3.893E+15 8.937E-07  254.9   656  9.668E+10  1.735E+14  9.999E-38  9.999E-38   68.2   69.2    2.5    0.0    2.0    3.0    5.0    2.5    1.2
2020  1  1   1 12.00   50.0   55.0  117.0  9.999E-38  1.454E+16  3.898E+15 8.948E-07  254.8   656  9.680E+10  1.737E+14  9.999E-38  9.999E-38   68.2   69.2    2.5    0.0    2.0    3.0    5.0    2.5    1.2
2020  1  1   1 12.00   50.0   55.0  118.0  9.999E-38  1.455E+16  3.903E+15 8.960E-07  254.6   656  9.693E+10  1.739E+14  9.999E-38  9.999E-38   68.2   69.2    2.5    0.0    2.0    3.0    5.0    2.5    1.2
2020  1  1   1 12.00   50.0   55.0  119.0  9.999E-38  1.457E+16  3.908E+15 8.971E-07  254.5   656  9.705E+10  1.742E+14  9.999E-38  9.999E-38   68.2   69.2    2.5    0.0    2.0    3.0    5.0    2.5    1.2
2020  1  1   1 12.00   50.0   55.0  120.0  9.999E-38  1.459E+16  3.913E+15 8.982E-07  254.4   656  9.716E+10  1.744E+14  9.999E-38  9.999E-38   68.2   69.2    2.5    0.0    2.0    3.0    5.0    2.5    1.2
2020  1  1   1 12.00   50.0   55.0  121.0  9.999E-38  1.461E+16  3.917E+15 8.992E-07  254.3   656  9.728E+10  1.746E+14  9.999E-38  9.999E-38   68.2   69.2    2.5    0.0    2.0    3.0    5.0    2.5    1.2
2020  1  1   1 12.00   50.0   55.0  122.0  9.999E-38  1.462E+16  3.922E+15 9.003E-07  254.2   656  9.739E+10  1.748E+14  9.999E-38  9.999E-38   68.2   69.2    2.5    0.0    2.0    3.0    5.0    2.5    1.2
2020  1  1   1 12.00   50.0   55.0  123.0  9.999E-38  1.464E+16  3.926E+15 9.013E-07  254.0   656  9.751E+10  1.750E+14  9.999E-38  9.999E-38   68.2   69.2    2.5    0.0    2.0    3.0    5.0    2.5    1.2
2020  1  1   1 12.00   50.0   55.0  124.0  9.999E-38  1.466E+16  3.931E+15 9.023E-07  253.9   656  9.761E+10  1.752E+14  9.999E-38  9.999E-38   68.2   69.2    2.5    0.0    2.0    3.0    5.0    2.5    1.2
2020  1  1   1 12.00   50.0   55.0  125.0  9.999E-38  1.467E+16  3.935E+15 9.033E-07  253.8   656  9.772E+10  1.754E+14  9.999E-38  9.999E-38   68.2   69.2    2.5    0.0    2.0    3.0    5.0    2.5    1.2
2020  1  1   1 12.00   50.0   55.0  126.0  9.999E-38  1.469E+16  3.939E+15 9.043E-07  253.7   656  9.783E+10  1.756E+14  9.999E-38  9.999E-38   68.2   69.2    2.5    0.0    2.0    3.0    5.0    2.5    1.2
2020  1  1   1 12.00   50.0   55.0  127.0  9.999E-38  1.471E+16  3.943E+15 9.052E-07  253.6   656  9.793E+10  1.757E+14  9.999E-38  9.999E-38   68.2   69.2    2.5    0.0    2.0    3.0    5.0    2.5    1.2
2020  1  1   1 12.00   50.0   55.0  128.0  9.999E-38  1.472E+16  3.947E+15 9.061E-07  253.5   656  9.803E+10  1.759E+14  9.999E-38  9.999E-38   68.2   69.2    2.5    0.0    2.0    3.0    5.0    2.5    1.2
2020  1  1   1 12.00   50.0   55.0  129.0  9.999E-38  1.473E+16  3.951E+15 9.070E-07  253.3   657  9.812E+10  1.761E+14  9.999E-38  9.999E-38   68.2   69.2    2.5    0.0    2.0    3.0    5.0    2.5    1.2
2020  1  1   1 12.00   50.0   55.0  130.0  9.999E-38  1.475E+16  3.955E+15 9.079E-07  253.2   657  9.822E+10  1.763E+14  9.999E-38  9.999E-38   68.2   69.2    2.5    0.0    2.0    3.0    5.0    2.5    1.2
2020  1  1   1 12.00   50.0   55.0  131.0  9.999E-38  1.476E+16  3.959E+15 9.088E-07  253.1   657  9.831E+10  1.764E+14  9.999E-38  9.999E-38   68.2   69.2    2.5    0.0    2.0    3.0    5.0    2.5    1.2
2020  1  1   1 12.00   50.0   55.0  132.0  9.999E-38  1.478E+16  3.962E+15 9.096E-07  253.0   657  9.840E+10  1.766E+14  9.999E-38  9.999E-38   68.2   69.2    2.5    0.0    2.0    3.0    5.0    2.5    1.2
2020  1  1   1 12.00   50.0   55.0  133.0  9.999E-38  1.479E+16  3.966E+15 9.104E-07  252.9   657  9.848E+10  1.767E+14  9.999E-38  9.999E-38   68.2   69.2    2.5    0.0    2.0    3.0    5.0    2.5    1.2
2020  1  1   1 12.00   50.0   55.0  134.0  9.999E-38  1.480E+16  3.969E+15 9.111E-07  252.7   657  9.857E+10  1.769E+14  9.999E-38  9.999E-38   68.2   69.2    2.5    0.0    2.0    3.0    5.0    2.5    1.2
2020  1  1   1 12.00   50.0   55.0  135.0  9.999E-38  1.481E+16  3.972E+15 9.119E-07  252.6   657  9.865E+10  1.770E+14  9.999E-38  9.999E-38   68.2   69.2    2.5    0.0    2.0    3.0    5.0    2.5    1.2
2020  1  1   1 12.00   50.0   55.0  136.0  9.999E-38  1.482E+16  3.975E+15 9.126E-07  252.5   657  9.873E+10  1.772E+14  9.999E-38  9.999E-38   68.2   69.2    2.5    2.0    3.0    5.0    3.0    2.5    0.9
2020  1  1   1 12.00   50.0   55.0  137.0  9.999E-38  1.484E+16  3.978E+15 9.133E-07  252.4   657  9.880E+10  1.773E+14  9.999E-38  9.999E-38   68.2   69.2    2.5    2.0    3.0    5.0    3.0    2.5    0.9
2020  1  1   1 12.00   50.0   55.0  138.0  9.999E-38  1.485E+16  3.981E+15 9.140E-07  252.3   657  9.887E+10  1.774E+14  9.999E-38  9.999E-38   68.2   69.2    2.5    2.0    3.0    5.0    3.0    2.5    0.9
2020  1  1   1 12.00   50.0   55.0  139.0  9.999E-38  1.486E+16  3.984E+15 9.146E-07  252.2   658  9.894E+10  1.776E+14  9.999E-38  9.999E-38   68.2   69.2    2.5    2.0    3.0    5.0    3.0    2.5    0.9
2020  1  1   1 12.00   50.0   55.0  140.0  9.999E-38  1.487E+16  3.987E+15 9.152E-07  252.1   658  9.901E+10  1.777E+14  9.999E-38  9.999E-38   68.2   69.2    2.5    2.0    3.0    5.0    3.0    2.5    0.9
2020  1  1   1 12.00   50.0   55.0  141.0  9.999E-38  1.488E+16  3.989E+15 9.158E-07  252.0   658  9.907E+10  1.778E+14  9.999E-38  9.999E-38   68.2   69.2    2.5    2.0    3.0    5.0    3.0    2.5    0.9
2020  1  1   1 12.00   50.0   55.0  142.0  9.999E-38  1.489E+16  3.992E+15 9.164E-07  251.8   658  9.913E+10  1.779E+14  9.999E-38  9.999E-38   68.2   69.2    2.5    2.0    3.0    5.0    3.0    2.5    0.9
2020  1  1   1 12.00   50.0   55.0  143.0  9.999E-38  1.489E+16  3.994E+15 9.169E-07  251.7   658  9.919E+10  1.780E+14  9.999E-38  9.999E-38   68.2   69.2    2.5    2.0    3.0    5.0    3.0    2.5    0.9
2020  1  1   1 12.00   50.0   55.0  144.0  9.999E-38  1.490E+16  3.996E+15 9.174E-07  251.6   658  9.924E+10  1.781E+14  9.999E-38  9.999E-38   68.2   69.2    2.5    2.0    3.0    5.0    3.0    2.5    0.9
2020  1  1   1 12.00   50.0   55.0  145.0  9.999E-38  1.491E+16  3.998E+15 9.179E-07  251.5   658  9.930E+10  1.782E+14  9.999E-38  9.999E-38   68.2   69.2    2.5    2.0    3.0    5.0    3.0    2.5    0.9
2020  1  1   1 12.00   50.0   55.0  146.0  9.999E-38  1.492E+16  4.000E+15 9.183E-07  251.4   658  9.934E+10  1.783E+14  9.999E-38  9.999E-38   68.2   69.2    2.5    2.0    3.0    5.0    3.0    2.5    0.9
2020  1  1   1 12.00   50.0   55.0  147.0  9.999E-38  1.492E+16  4.002E+15 9.187E-07  251.3   659  9.939E+10  1.784E+14  9.999E-38  9.999E-38   68.2   69.2    2.5    2.0    3.0    5.0    3.0    2.5    0.9
2020  1  1   1 12.00   50.0   55.0  148.0  9.999E-38  1.493E+16  4.004E+15 9.191E-07  251.2   659  9.943E+10  1.784E+14  9.999E-38  9.999E-38   68.2   69.2    2.5    2.0    3.0    5.0    3.0    2.5    0.9
2020  1  1   1 12.00   50.0   55.0  149.0  9.999E-38  1.494E+16  4.005E+15 9.195E-07  251.1   659  9.947E+10  1.785E+14  9.999E-38  9.999E-38   68.2   69.2    2.5    2.0    3.0    5.0    3.0    2.5    0.9
