Year Mon Day DOY hour Heit(km) Lat  Lon Oden(cm-3) N2den(cm-3) O2den(cm-3) air(gm/cm3) T(K) exoT(K) Heden(cm-3)Arden(cm-3) Hden(cm-3) Nden(cm-3) F107 F107a apdaily  ap0-3 ap3-6 ap6-9 ap9-12 ap12-33 ap33-59
1961  1  1   1 12.00   50.0   55.0   45.0  9.999E-38  1.286E+16  3.450E+15 7.919E-07  260.9   938  8.567E+10  1.537E+14  9.999E-38  9.999E-38  163.0  125.6    7.4    6.0   15.0   12.0   12.0   15.4   16.8
1962  1  1   1 12.00   50.0   55.0   45.0  9.999E-38  1.286E+16  3.450E+15 7.919E-07  260.9   765  8.567E+10  1.537E+14  9.999E-38  9.999E-38   93.0   91.9    5.6    3.0    4.0   18.0    6.0    7.0   16.1
1963  1  1   1 12.00   50.0   55.0   45.0  9.999E-38  1.286E+16  3.450E+15 7.919E-07  260.9   707  8.567E+10  1.537E+14  9.999E-38  9.999E-38   75.5   79.6    4.8    4.0    6.0    7.0    3.0   11.9    3.9
1964  1  1   1 12.00   50.0   55.0   45.0  9.999E-38  1.286E+16  3.450E+15 7.919E-07  260.9   692  8.567E+10  1.537E+14  9.999E-38  9.999E-38   71.0   75.1    5.8    6.0    6.0    2.0    4.0    2.8    5.2
1965  1  1   1 12.00   50.0   55.0   45.0  9.999E-38  1.286E+16  3.450E+15 7.919E-07  260.9   691  8.567E+10  1.537E+14  9.999E-38  9.999E-38   75.9   74.3    3.0    2.0    3.0    3.0    0.0    2.9    1.9
1966  1  1   1 12.00   50.0   55.0   45.0  9.999E-38  1.286E+16  3.450E+15 7.919E-07  260.9   701  8.567E+10  1.537E+14  9.999E-38  9.999E-38   78.1   78.6    2.1    0.0    2.0    5.0    2.0    3.2    5.8
1967  1  1   1 12.00   50.0   55.0   45.0  9.999E-38  1.286E+16  3.450E+15 7.919E-07  260.9   898  8.567E+10  1.537E+14  9.999E-38  9.999E-38  120.5  129.9   17.5   15.0    6.0    9.0    9.0    3.0    5.6
1968  1  1   1 12.00   50.0   55.0   45.0  9.999E-38  1.286E+16  3.450E+15 7.919E-07  260.9  1007  8.567E+10  1.537E+14  9.999E-38  9.999E-38  152.6  170.4   25.5   22.0   39.0   39.0   39.0   59.1    8.8
1969  1  1   1 12.00   50.0   55.0   45.0  9.999E-38  1.286E+16  3.450E+15 7.919E-07  260.9   929  8.567E+10  1.537E+14  9.999E-38  9.999E-38  139.6  142.2    7.8   12.0    5.0    5.0   12.0   10.8    7.8
1970  1  1   1 12.00   50.0   55.0   45.0  9.999E-38  1.286E+16  3.450E+15 7.919E-07  260.9   960  8.567E+10  1.537E+14  9.999E-38  9.999E-38  151.3  152.5    7.5    3.0    6.0    7.0    3.0    2.9    2.5
1971  1  1   1 12.00   50.0   55.0   45.0  9.999E-38  1.286E+16  3.450E+15 7.919E-07  260.9   922  8.567E+10  1.537E+14  9.999E-38  9.999E-38  133.3  149.8    5.9    5.0    4.0    6.0   15.0    2.4   12.9
1972  1  1   1 12.00   50.0   55.0   45.0  9.999E-38  1.286E+16  3.450E+15 7.919E-07  260.9   834  8.567E+10  1.537E+14  9.999E-38  9.999E-38  106.8  115.3    7.4    4.0    4.0    4.0    9.0    7.4   15.9
1973  1  1   1 12.00   50.0   55.0   45.0  9.999E-38  1.286E+16  3.450E+15 7.919E-07  260.9   794  8.567E+10  1.537E+14  9.999E-38  9.999E-38   94.3   99.8   11.2   18.0    9.0   18.0   27.0   12.6   18.6
1974  1  1   1 12.00   50.0   55.0   45.0  9.999E-38  1.286E+16  3.450E+15 7.919E-07  260.9   727  8.567E+10  1.537E+14  9.999E-38  9.999E-38   72.0   80.9   16.8    9.0   12.0   22.0   27.0   17.4   14.6
1975  1  1   1 12.00   50.0   55.0   45.0  9.999E-38  1.286E+16  3.450E+15 7.919E-07  260.9   714  8.567E+10  1.537E+14  9.999E-38  9.999E-38   76.1   78.9    7.4    5.0    7.0   15.0    9.0   14.5    6.0
1976  1  1   1 12.00   50.0   55.0   45.0  9.999E-38  1.286E+16  3.450E+15 7.919E-07  260.9   686  8.567E+10  1.537E+14  9.999E-38  9.999E-38   72.1   72.8    4.4    6.0    4.0    3.0    5.0    6.9   11.2
1977  1  1   1 12.00   50.0   55.0   45.0  9.999E-38  1.286E+16  3.450E+15 7.919E-07  260.9   725  8.567E+10  1.537E+14  9.999E-38  9.999E-38   76.4   75.4   16.9   22.0   22.0   15.0   12.0   12.5   12.8
1978  1  1   1 12.00   50.0   55.0   45.0  9.999E-38  1.286E+16  3.450E+15 7.919E-07  260.9   845  8.567E+10  1.537E+14  9.999E-38  9.999E-38  120.2  108.5    6.9    5.0    6.0    7.0    6.0    6.2    5.4
1979  1  1   1 12.00   50.0   55.0   45.0  9.999E-38  1.286E+16  3.450E+15 7.919E-07  260.9  1056  8.567E+10  1.537E+14  9.999E-38  9.999E-38  195.1  178.0    9.8    6.0    6.0   15.0    7.0   18.1   27.1
1980  1  1   1 12.00   50.0   55.0   45.0  9.999E-38  1.286E+16  3.450E+15 7.919E-07  260.9  1084  8.567E+10  1.537E+14  9.999E-38  9.999E-38  188.9  198.7   23.9   18.0    9.0    9.0    9.0    8.6   20.5
1981  1  1   1 12.00   50.0   55.0   45.0  9.999E-38  1.286E+16  3.450E+15 7.919E-07  260.9  1079  8.567E+10  1.537E+14  9.999E-38  9.999E-38  199.0  191.6   13.1   18.0    9.0   27.0    7.0   15.1   12.6
1982  1  1   1 12.00   50.0   55.0   45.0  9.999E-38  1.286E+16  3.450E+15 7.919E-07  260.9  1049  8.567E+10  1.537E+14  9.999E-38  9.999E-38  182.8  193.0    8.9    6.0    6.0    6.0    7.0   17.6   30.0
1983  1  1   1 12.00   50.0   55.0   45.0  9.999E-38  1.286E+16  3.450E+15 7.919E-07  260.9   949  8.567E+10  1.537E+14  9.999E-38  9.999E-38  134.4  161.9   11.4    6.0   12.0   22.0    9.0    7.0   15.4
1984  1  1   1 12.00   50.0   55.0   45.0  9.999E-38  1.286E+16  3.450E+15 7.919E-07  260.9   801  8.567E+10  1.537E+14  9.999E-38  9.999E-38   83.8  103.0   28.2   18.0   39.0   32.0   39.0   26.9   33.0
1985  1  1   1 12.00   50.0   55.0   45.0  9.999E-38  1.286E+16  3.450E+15 7.919E-07  260.9   725  8.567E+10  1.537E+14  9.999E-38  9.999E-38   70.0   73.5   32.8   22.0   22.0   32.0   18.0   24.0   21.1
1986  1  1   1 12.00   50.0   55.0   45.0  9.999E-38  1.286E+16  3.450E+15 7.919E-07  260.9   715  8.567E+10  1.537E+14  9.999E-38  9.999E-38   66.6   75.0   25.0   18.0   22.0   22.0   18.0   22.2   45.5
1987  1  1   1 12.00   50.0   55.0   45.0  9.999E-38  1.286E+16  3.450E+15 7.919E-07  260.9   701  8.567E+10  1.537E+14  9.999E-38  9.999E-38   68.1   70.6   18.0   22.0   22.0   15.0    9.0    6.8    4.1
1988  1  1   1 12.00   50.0   55.0   45.0  9.999E-38  1.286E+16  3.450E+15 7.919E-07  260.9   788  8.567E+10  1.537E+14  9.999E-38  9.999E-38   99.7   99.6    4.8    4.0    3.0    3.0    3.0    4.5    2.6
1989  1  1   1 12.00   50.0   55.0   45.0  9.999E-38  1.286E+16  3.450E+15 7.919E-07  260.9  1058  8.567E+10  1.537E+14  9.999E-38  9.999E-38  177.6  202.7   15.4    9.0   15.0   18.0   27.0   11.5   10.6
1990  1  1   1 12.00   50.0   55.0   45.0  9.999E-38  1.286E+16  3.450E+15 7.919E-07  260.9  1135  8.567E+10  1.537E+14  9.999E-38  9.999E-38  236.7  199.7   16.4   18.0   12.0   15.0    7.0   35.0   30.0
1991  1  1   1 12.00   50.0   55.0   45.0  9.999E-38  1.286E+16  3.450E+15 7.919E-07  260.9  1049  8.567E+10  1.537E+14  9.999E-38  9.999E-38  180.6  205.1    7.5    4.0    5.0   12.0   27.0    9.1   11.5
1992  1  1   1 12.00   50.0   55.0   45.0  9.999E-38  1.286E+16  3.450E+15 7.919E-07  260.9  1131  8.567E+10  1.537E+14  9.999E-38  9.999E-38  235.0  206.4   11.6    9.0   12.0    7.0   12.0    9.4   16.0
1993  1  1   1 12.00   50.0   55.0   45.0  9.999E-38  1.286E+16  3.450E+15 7.919E-07  260.9   902  8.567E+10  1.537E+14  9.999E-38  9.999E-38  125.8  134.7   10.4    7.0   15.0   18.0    7.0   10.9   10.0
1994  1  1   1 12.00   50.0   55.0   45.0  9.999E-38  1.286E+16  3.450E+15 7.919E-07  260.9   888  8.567E+10  1.537E+14  9.999E-38  9.999E-38  136.2  102.7   25.6   32.0   32.0   27.0   27.0   19.8    4.1
1995  1  1   1 12.00   50.0   55.0   45.0  9.999E-38  1.286E+16  3.450E+15 7.919E-07  260.9   705  8.567E+10  1.537E+14  9.999E-38  9.999E-38   74.8   80.3    4.1    5.0    3.0    0.0    4.0    4.8    7.2
1996  1  1   1 12.00   50.0   55.0   45.0  9.999E-38  1.286E+16  3.450E+15 7.919E-07  260.9   684  8.567E+10  1.537E+14  9.999E-38  9.999E-38   72.7   70.9    4.9    5.0    2.0    0.0    4.0    7.5    3.2
1997  1  1   1 12.00   50.0   55.0   45.0  9.999E-38  1.286E+16  3.450E+15 7.919E-07  260.9   686  8.567E+10  1.537E+14  9.999E-38  9.999E-38   69.8   75.2    4.5    3.0    3.0    6.0    7.0    5.4    9.5
1998  1  1   1 12.00   50.0   55.0   45.0  9.999E-38  1.286E+16  3.450E+15 7.919E-07  260.9   772  8.567E+10  1.537E+14  9.999E-38  9.999E-38  101.1   90.3    4.2    3.0   12.0    5.0    3.0    3.1   20.9
1999  1  1   1 12.00   50.0   55.0   45.0  9.999E-38  1.286E+16  3.450E+15 7.919E-07  260.9   965  8.567E+10  1.537E+14  9.999E-38  9.999E-38  168.8  139.6    6.2    5.0    4.0   12.0    2.0    3.6    6.5
2000  1  1   1 12.00   50.0   55.0   45.0  9.999E-38  1.286E+16  3.450E+15 7.919E-07  260.9   955  8.567E+10  1.537E+14  9.999E-38  9.999E-38  125.8  160.6   30.1   18.0   27.0   39.0   56.0   35.9   11.1
2001  1  1   1 12.00   50.0   55.0   45.0  9.999E-38  1.286E+16  3.450E+15 7.919E-07  260.9   979  8.567E+10  1.537E+14  9.999E-38  9.999E-38  163.9  165.8    2.5    4.0    4.0    2.0    0.0    2.0    3.2
2002  1  1   1 12.00   50.0   55.0   45.0  9.999E-38  1.286E+16  3.450E+15 7.919E-07  260.9  1132  8.567E+10  1.537E+14  9.999E-38  9.999E-38  237.5  215.5    7.8    5.0    9.0   12.0    9.0   14.6   20.8
2003  1  1   1 12.00   50.0   55.0   45.0  9.999E-38  1.286E+16  3.450E+15 7.919E-07  260.9   878  8.567E+10  1.537E+14  9.999E-38  9.999E-38  111.3  144.1    7.1    5.0   12.0    9.0    4.0    7.0   11.0
2004  1  1   1 12.00   50.0   55.0   45.0  9.999E-38  1.286E+16  3.450E+15 7.919E-07  260.9   855  8.567E+10  1.537E+14  9.999E-38  9.999E-38  102.1  117.7   24.2   22.0   27.0   22.0   18.0   18.6    6.1
2005  1  1   1 12.00   50.0   55.0   45.0  9.999E-38  1.286E+16  3.450E+15 7.919E-07  260.9   802  8.567E+10  1.537E+14  9.999E-38  9.999E-38   95.2   97.4   17.5    9.0   15.0   18.0    6.0    6.8   18.4
2006  1  1   1 12.00   50.0   55.0   45.0  9.999E-38  1.286E+16  3.450E+15 7.919E-07  260.9   736  8.567E+10  1.537E+14  9.999E-38  9.999E-38   84.5   83.3    6.6    4.0    3.0    5.0   12.0   11.1    8.4
2007  1  1   1 12.00   50.0   55.0   45.0  9.999E-38  1.286E+16  3.450E+15 7.919E-07  260.9   734  8.567E+10  1.537E+14  9.999E-38  9.999E-38   82.3   81.3    9.2   12.0    4.0    3.0    5.0    1.8    3.0
2008  1  1   1 12.00   50.0   55.0   45.0  9.999E-38  1.286E+16  3.450E+15 7.919E-07  260.9   688  8.567E+10  1.537E+14  9.999E-38  9.999E-38   74.2   72.5    4.0    4.0    3.0    6.0    6.0    5.1    4.0
2009  1  1   1 12.00   50.0   55.0   45.0  9.999E-38  1.286E+16  3.450E+15 7.919E-07  260.9   672  8.567E+10  1.537E+14  9.999E-38  9.999E-38   67.0   67.3    7.2    7.0   12.0    9.0    6.0   13.1    0.8
2010  1  1   1 12.00   50.0   55.0   45.0  9.999E-38  1.286E+16  3.450E+15 7.919E-07  260.9   690  8.567E+10  1.537E+14  9.999E-38  9.999E-38   77.2   77.0    0.5    0.0    0.0    0.0    0.0    0.2    0.0
2011  1  1   1 12.00   50.0   55.0   45.0  9.999E-38  1.286E+16  3.450E+15 7.919E-07  260.9   731  8.567E+10  1.537E+14  9.999E-38  9.999E-38   87.9   81.6    3.8    3.0    0.0    3.0    5.0    3.9    4.1
2012  1  1   1 12.00   50.0   55.0   45.0  9.999E-38  1.286E+16  3.450E+15 7.919E-07  260.9   884  8.567E+10  1.537E+14  9.999E-38  9.999E-38  128.5  129.2    4.5    2.0    3.0    4.0    6.0    5.5    7.0
2013  1  1   1 12.00   50.0   55.0   45.0  9.999E-38  1.286E+16  3.450E+15 7.919E-07  260.9   817  8.567E+10  1.537E+14  9.999E-38  9.999E-38  109.8  113.5    1.1    0.0    2.0    2.0    3.0    1.0    4.6
2014  1  1   1 12.00   50.0   55.0   45.0  9.999E-38  1.286E+16  3.450E+15 7.919E-07  260.9   948  8.567E+10  1.537E+14  9.999E-38  9.999E-38  140.5  150.5   11.1    7.0    7.0    5.0    3.0    4.9    1.9
2015  1  1   1 12.00   50.0   55.0   45.0  9.999E-38  1.286E+16  3.450E+15 7.919E-07  260.9   912  8.567E+10  1.537E+14  9.999E-38  9.999E-38  129.2  147.4    5.8    4.0    4.0    4.0    9.0    7.6   14.9
2016  1  1   1 12.00   50.0   55.0   45.0  9.999E-38  1.286E+16  3.450E+15 7.919E-07  260.9   823  8.567E+10  1.537E+14  9.999E-38  9.999E-38   93.0  105.6   28.1   18.0   48.0   56.0   80.0   35.0    2.5
2017  1  1   1 12.00   50.0   55.0   45.0  9.999E-38  1.286E+16  3.450E+15 7.919E-07  260.9   705  8.567E+10  1.537E+14  9.999E-38  9.999E-38   71.1   74.2   12.2    9.0   12.0   22.0   18.0   12.1    2.5
2018  1  1   1 12.00   50.0   55.0   45.0  9.999E-38  1.286E+16  3.450E+15 7.919E-07  260.9   687  8.567E+10  1.537E+14  9.999E-38  9.999E-38   68.3   69.7   10.4    9.0    9.0   22.0   18.0    2.6    3.0
2019  1  1   1 12.00   50.0   55.0   45.0  9.999E-38  1.286E+16  3.450E+15 7.919E-07  260.9   668  8.567E+10  1.537E+14  9.999E-38  9.999E-38   67.0   68.4    4.9    6.0   12.0    5.0    4.0    6.6    9.4
2020  1  1   1 12.00   50.0   55.0   45.0  9.999E-38  1.286E+16  3.450E+15 7.919E-07  260.9   664  8.567E+10  1.537E+14  9.999E-38  9.999E-38   68.2   69.2    2.5    3.0    0.0    0.0    2.0    2.9    1.5
2021  1  1   1 12.00   50.0   55.0   45.0  9.999E-38  1.286E+16  3.450E+15 7.919E-07  260.9   705  8.567E+10  1.537E+14  9.999E-38  9.999E-38   78.5   79.8    2.5    2.0    3.0    2.0    0.0    2.8    7.5
