Year Mon Day DOY hour Heit(km) Lat  Lon Oden(cm-3) N2den(cm-3) O2den(cm-3) air(gm/cm3) T(K) exoT(K) Heden(cm-3)Arden(cm-3) Hden(cm-3) Nden(cm-3) F107 F107a apdaily  ap0-3 ap3-6 ap6-9 ap9-12 ap12-33 ap33-59
2020  1  1   1  1.00   50.0   55.0   45.0  9.999E-38  1.298E+16  3.482E+15 7.993E-07  255.1   617  8.647E+10  1.552E+14  9.999E-38  9.999E-38   68.2   69.2    2.5    3.0    4.0    5.0    3.0    2.4    2.1
2020  1  1   1  2.00   50.0   55.0   45.0  9.999E-38  1.293E+16  3.468E+15 7.961E-07  255.0   605  8.612E+10  1.546E+14  9.999E-38  9.999E-38   68.2   69.2    2.5    3.0    4.0    5.0    3.0    2.4    2.1
2020  1  1   1  3.00   50.0   55.0   45.0  9.999E-38  1.288E+16  3.454E+15 7.928E-07  254.9   591  8.577E+10  1.539E+14  9.999E-38  9.999E-38   68.2   69.2    2.5    2.0    3.0    5.0    3.0    2.5    0.9
2020  1  1   1  4.00   50.0   55.0   45.0  9.999E-38  1.283E+16  3.440E+15 7.897E-07  254.9   580  8.543E+10  1.533E+14  9.999E-38  9.999E-38   68.2   69.2    2.5    2.0    3.0    5.0    3.0    2.5    0.9
2020  1  1   1  5.00   50.0   55.0   45.0  9.999E-38  1.278E+16  3.428E+15 7.869E-07  255.2   574  8.512E+10  1.528E+14  9.999E-38  9.999E-38   68.2   69.2    2.5    2.0    3.0    5.0    3.0    2.5    0.9
2020  1  1   1  6.00   50.0   55.0   45.0  9.999E-38  1.275E+16  3.418E+15 7.847E-07  255.8   578  8.488E+10  1.523E+14  9.999E-38  9.999E-38   68.2   69.2    2.5    0.0    2.0    3.0    5.0    2.5    1.2
2020  1  1   1  7.00   50.0   55.0   45.0  9.999E-38  1.272E+16  3.412E+15 7.833E-07  256.7   589  8.474E+10  1.521E+14  9.999E-38  9.999E-38   68.2   69.2    2.5    0.0    2.0    3.0    5.0    2.5    1.2
2020  1  1   1  8.00   50.0   55.0   45.0  9.999E-38  1.272E+16  3.411E+15 7.830E-07  257.7   604  8.470E+10  1.520E+14  9.999E-38  9.999E-38   68.2   69.2    2.5    0.0    2.0    3.0    5.0    2.5    1.2
2020  1  1   1  9.00   50.0   55.0   45.0  9.999E-38  1.273E+16  3.414E+15 7.838E-07  258.9   620  8.479E+10  1.522E+14  9.999E-38  9.999E-38   68.2   69.2    2.5    0.0    0.0    2.0    3.0    2.9    1.5
2020  1  1   1 10.00   50.0   55.0   45.0  9.999E-38  1.276E+16  3.422E+15 7.856E-07  259.9   635  8.499E+10  1.525E+14  9.999E-38  9.999E-38   68.2   69.2    2.5    0.0    0.0    2.0    3.0    2.9    1.5
2020  1  1   1 11.00   50.0   55.0   45.0  9.999E-38  1.281E+16  3.434E+15 7.884E-07  260.6   649  8.529E+10  1.531E+14  9.999E-38  9.999E-38   68.2   69.2    2.5    0.0    0.0    2.0    3.0    2.9    1.5
2020  1  1   1 12.00   50.0   55.0   45.0  9.999E-38  1.286E+16  3.450E+15 7.919E-07  260.9   664  8.567E+10  1.537E+14  9.999E-38  9.999E-38   68.2   69.2    2.5    3.0    0.0    0.0    2.0    2.9    1.5
2020  1  1   1 13.00   50.0   55.0   45.0  9.999E-38  1.293E+16  3.466E+15 7.957E-07  260.8   681  8.608E+10  1.545E+14  9.999E-38  9.999E-38   68.2   69.2    2.5    3.0    0.0    0.0    2.0    2.9    1.5
2020  1  1   1 14.00   50.0   55.0   45.0  9.999E-38  1.299E+16  3.483E+15 7.996E-07  260.2   698  8.650E+10  1.552E+14  9.999E-38  9.999E-38   68.2   69.2    2.5    3.0    0.0    0.0    2.0    2.9    1.5
2020  1  1   1 15.00   50.0   55.0   45.0  9.999E-38  1.305E+16  3.499E+15 8.031E-07  259.3   711  8.688E+10  1.559E+14  9.999E-38  9.999E-38   68.2   69.2    2.5    3.0    3.0    0.0    0.0    2.8    1.9
2020  1  1   1 16.00   50.0   55.0   45.0  9.999E-38  1.309E+16  3.511E+15 8.061E-07  258.3   716  8.720E+10  1.565E+14  9.999E-38  9.999E-38   68.2   69.2    2.5    3.0    3.0    0.0    0.0    2.8    1.9
2020  1  1   1 17.00   50.0   55.0   45.0  9.999E-38  1.313E+16  3.521E+15 8.082E-07  257.3   710  8.743E+10  1.569E+14  9.999E-38  9.999E-38   68.2   69.2    2.5    3.0    3.0    0.0    0.0    2.8    1.9
2020  1  1   1 18.00   50.0   55.0   45.0  9.999E-38  1.315E+16  3.526E+15 8.095E-07  256.4   695  8.758E+10  1.572E+14  9.999E-38  9.999E-38   68.2   69.2    2.5    5.0    3.0    3.0    0.0    2.2    2.4
2020  1  1   1 19.00   50.0   55.0   45.0  9.999E-38  1.316E+16  3.528E+15 8.100E-07  255.8   674  8.762E+10  1.572E+14  9.999E-38  9.999E-38   68.2   69.2    2.5    5.0    3.0    3.0    0.0    2.2    2.4
2020  1  1   1 20.00   50.0   55.0   45.0  9.999E-38  1.315E+16  3.527E+15 8.096E-07  255.4   654  8.759E+10  1.572E+14  9.999E-38  9.999E-38   68.2   69.2    2.5    5.0    3.0    3.0    0.0    2.2    2.4
2020  1  1   1 21.00   50.0   55.0   45.0  9.999E-38  1.314E+16  3.522E+15 8.086E-07  255.2   639  8.747E+10  1.570E+14  9.999E-38  9.999E-38   68.2   69.2    2.5    4.0    5.0    3.0    3.0    2.0    2.4
2020  1  1   1 22.00   50.0   55.0   45.0  9.999E-38  1.311E+16  3.515E+15 8.070E-07  255.2   630  8.730E+10  1.567E+14  9.999E-38  9.999E-38   68.2   69.2    2.5    4.0    5.0    3.0    3.0    2.0    2.4
2020  1  1   1 23.00   50.0   55.0   45.0  9.999E-38  1.307E+16  3.506E+15 8.048E-07  255.2   627  8.707E+10  1.562E+14  9.999E-38  9.999E-38   68.2   69.2    2.5    4.0    5.0    3.0    3.0    2.0    2.4
2020  1  1   1 24.00   50.0   55.0   45.0  9.999E-38  1.303E+16  3.495E+15 8.022E-07  255.2   624  8.679E+10  1.557E+14  9.999E-38  9.999E-38   68.2   69.2    2.5    3.0    4.0    5.0    3.0    2.4    2.1
